1612428338934,2,           0,           0,     3.01626,  -0.0296956,1612504611313
1612428338934,2,           0,           0,     3.01626,  -0.0296956,1612622398990
1612428338934,2,           0,           0,     3.01626,  -0.0296956,1612739936679
1612428338934,2,           0,           0,     3.01626,  -0.0296956,1612857242100
1612428338934,2,           0,           0,     3.01626,  -0.0296956,1612954968383
1612428338934,2,           0,           0,     3.01626,  -0.0296956,1613073430586
1612428338934,2,           0,           0,     3.01626,  -0.0296956,1613190764435
1612428338934,2,           0,           0,     3.01626,  -0.0296956,1613308563198
1612428338934,2,           0,           0,     3.01626,  -0.0296956,1613426127314
1612428338934,2,           0,           0,     3.01626,  -0.0296956,1613545162883
1612428338934,2,           0,           0,     3.01626,  -0.0296956,1613662992180
1612428338934,2,           0,           0,     3.01626,  -0.0296956,1613761086011
1612428338934,2,           0,           0,     3.01626,  -0.0296956,1613878364059
1612428338934,2,           0,           0,     3.01626,  -0.0296956,1613996095159
1612428338934,2,           0,           0,     3.01626,  -0.0296956,1614113755968
1612428338934,2,           0,           0,     3.01626,  -0.0296956,1614230971214
1612428338934,2,           0,           0,     3.01626,  -0.0296956,1614348438113
1612428338934,2,           0,           0,     3.01626,  -0.0296956,1614449793631
1612428338934,2,           0,           0,     3.01626,  -0.0296956,1614578505796
1612428338934,2,           0,           0,     3.01626,  -0.0296956,1614697716882
1612428338934,2,           0,           0,     3.01626,  -0.0296956,1614813607751
1612428338934,2,           0,           0,     3.01626,  -0.0296956,1614930481517
1612428338934,2,           0,           0,     3.01626,  -0.0296956,1615048686028
1612428338934,2,           0,           0,     3.01626,  -0.0296956,1615164425925
1612428338934,2,           0,           0,     3.01626,  -0.0296956,1615288364877
1612428338934,2,           0,           0,     3.01626,  -0.0296956,1615399221371
1612428338934,2,           0,           0,     3.01626,  -0.0296956,1615503602158
1612428338934,2,           0,           0,     3.01626,  -0.0296956,1615639137487
1612428338934,2,           0,           0,     3.01626,  -0.0296956,1615736587928
1612428338934,2,           0,           0,     3.01626,  -0.0296956,1615853506949
1612428338934,2,           0,           0,     3.01626,  -0.0296956,1615973775176
1612428338934,2,           0,           0,     3.01626,  -0.0296956,1616090924550
1612428338934,2,           0,           0,     3.01626,  -0.0296956,1616209597957
1612428338934,2,           0,           0,     3.01626,  -0.0296956,1616330265353
1612428338934,2,           0,           0,     3.01626,  -0.0296956,1616446474320
1612428338934,2,           0,    0.021122,     3.01626,  -0.0296956,1616564633864
1612428338934,2,           0,   0.0455437,     3.01626,  -0.0296956,1616682499229
1612428338934,2,           0,   0.0689566,     3.01626,  -0.0296956,1616799421698
1612428338934,2,           0,   0.0876841,     3.01696,  -0.0313188,1616897536504
1612428338934,2,           0,    0.109169,     3.01596,   -0.040543,1617015420995
1612428338934,2,           0,    0.132656,     3.01408,  -0.0726244,1617152719377
1612428338934,2,           0,    0.148208,     3.01156,   -0.105685,1617251394301
1612428338934,2,           0,    0.165452,     3.00989,   -0.151403,1617367624345
1612428338934,2,           0,    0.181166,     3.00823,   -0.186382,1617485779647
1612428338934,2,           0,    0.194981,      3.0009,   -0.255606,1617604080944
1612428338934,2,           0,    0.206653,     2.99643,   -0.303491,1617721279638
1612428338934,2,           0,    0.216725,     2.98619,   -0.390126,1617859226284
1612428338934,2,           0,    0.220737,     2.97917,   -0.432749,1617957497722
1612428338934,2,           0,    0.200895,     2.96751,   -0.515856,1618076027928
1612428338934,2,           0,    0.180405,     2.95748,   -0.582258,1618192411682
1612428338934,2,           0,    0.151262,     2.94104,   -0.659872,1618308978318
1612428338934,2,           0,    0.124716,     2.92638,   -0.720475,1618426968874
1612428338934,2,           0,   0.0866817,     2.90689,   -0.797989,1618545372894
1612428338934,2,           0,   0.0562698,     2.89136,   -0.851374,1618663685947
1612428338934,2,           0,  0.00964473,     2.87835,   -0.913962,1618782208183
1612428338934,2,           0,           0,     2.86434,   -0.957714,1618901355896
1612428338934,2,           0,           0,     2.84081,   -0.976627,1619017823406
1612428338934,2,           0,           0,     2.83626,   -0.989137,1619134362995
1612428338934,2,           0,           0,     2.83337,   -0.994071,1619250445019
1612428338934,2,           0,           0,     2.82984,    -1.00105,1619368314524
1612428338934,2,           0,           0,     2.84553,    -1.01201,1619484476096
1612428338934,2,           0,           0,     2.82639,    -1.01569,1619602752880
1612428338934,2,           0,           0,     2.82528,    -1.03348,1619718338161
1612428338934,2,           0,           0,     2.82434,    -1.04052,1619841132947
1612428338934,2,           0,           0,     2.82732,    -1.04217,1619958793051
1612428338934,2,   0.0381275, -0.00445643,      2.8318,    -1.04837,1620074171376
1612428338934,2,   0.0818924, -0.00865794,     2.83091,    -1.04378,1620191880638
1612428338934,2,    0.123488,  -0.0131849,     2.82992,    -1.04482,1620309826129
1612428338934,2,    0.162914,  -0.0157714,     2.82862,    -1.04329,1620427280761
1612428338934,2,     0.20017,  -0.0189483,     2.82307,    -1.04159,1620544350927
1612428338934,2,    0.235256,  -0.0224844,     2.82796,    -1.04658,1620660949306
1612428338934,2,    0.268169,   -0.026099,     2.83167,    -1.05228,1620777114367
1612428338934,2,    0.298911,   -0.028613,      2.8127,     -1.0457,1620895882749
1612428338934,2,    0.327479,  -0.0293115,     2.82797,    -1.05284,1621019328334
1612428338934,2,    0.353873,  -0.0232487,     2.81902,    -1.04296,1621132826440
1612428338934,2,    0.378091,  -0.0220657,      2.8227,    -1.04961,1621249013798
1612428338934,2,    0.400133,  -0.0212589,     2.81066,    -1.05077,1621365437896
1612428338934,2,    0.416836,  -0.0217998,     2.81123,    -1.06133,1621470706305
1612428338934,2,    0.434882,  -0.0184625,     2.81725,     -1.0654,1621587837474
1612428338934,2,    0.450744,  -0.0168859,     2.80292,    -1.07411,1621706277771
1612428338934,2,    0.464419,  -0.0139354,      2.8046,     -1.0833,1621823413265
1612428338934,2,    0.475903,  -0.0100261,     2.79541,    -1.09277,1621942459340
1612428338934,2,    0.485189, -0.00544776,     2.79182,     -1.1022,1622061939411
1612428338934,2,    0.492265, -0.00110901,     2.79877,    -1.12152,1622180557794
1612428338934,2,    0.497112,  0.00576716,     2.77851,    -1.13986,1622297717101
1612428338934,2,    0.499681,   0.0155597,      2.7843,    -1.16276,1622416842154
1612428338934,2,         0.5,   0.0653911,     2.76896,    -1.15853,1622514231753
1612428338934,2,         0.5,   0.0705405,     2.75149,    -1.19852,1622651091517
1612428338934,2,         0.5,   0.0773921,     2.73768,    -1.22838,1622768736060
1612428338934,2,         0.5,   0.0749939,     2.73586,    -1.27687,1622887068571
1612428338934,2,         0.5,   0.0727434,     2.71149,    -1.30037,1622983301254
1612428338934,2,         0.5,   0.0644054,     2.69777,    -1.35592,1623114501792
1612428338934,2,         0.5,   0.0589092,     2.67329,    -1.39736,1623229141907
1612428338934,2,         0.5,   0.0556582,     2.66458,    -1.43191,1623346026077
1612428338934,2,         0.5,   0.0410007,     2.61654,    -1.47827,1623466884892
1612428338934,2,         0.5,   0.0388066,     2.61939,    -1.50815,1623584447056
1612428338934,2,         0.5,    0.035076,     2.60283,    -1.54248,1623681837684
1612428338934,2,         0.5,   0.0184521,       2.577,    -1.56315,1623810983663
1612428338934,2,         0.5,   0.0162239,     2.56183,    -1.59337,1623926664903
1612428338934,2,         0.5, 0.000597171,     2.53684,    -1.60913,1624044278049
1612428338934,2,    0.499333,  -0.0049415,     2.52334,    -1.63231,1624162836861
1612428338934,2,    0.498647,  -0.0344302,     2.51947,    -1.65822,1624279782205
1612428338934,2,    0.499902,  -0.0519834,     2.52265,     -1.6796,1624416633169
1612428338934,2,    0.497939,  -0.0714846,     2.49898,    -1.68254,1624532440798
1612428338934,2,    0.499939,   -0.117155,     2.51704,     -1.6879,1624650008091
1612428338934,2,    0.499661,   -0.133944,     2.50989,    -1.67417,1624768296267
1612428338934,2,    0.498426,   -0.177738,     2.50811,    -1.64794,1624887639110
1612428338934,2,         0.5,   -0.188371,     2.55051,     -1.6385,1625005229304
1612428338934,2,    0.499959,   -0.196785,     2.55556,     -1.5988,1625121980515
1612428338934,2,    0.499901,   -0.232714,     2.57507,    -1.56167,1625238896206
1612428338934,2,         0.5,   -0.237527,     2.59498,    -1.51105,1625355812202
1612428338934,2,         0.5,   -0.239806,     2.61108,    -1.45241,1625473007553
1612428338934,2,         0.5,   -0.239656,      2.5938,    -1.38769,1625589074180
1612428338934,2,     0.49931,   -0.240847,     2.57424,    -1.30939,1625707745298
1612428338934,2,    0.496659,   -0.251617,     2.55201,    -1.24168,1625821278873
1612428338934,2,    0.491486,    -0.26729,     2.52664,    -1.16751,1625939635096
1612428338934,2,    0.484262,   -0.281133,     2.50287,    -1.09074,1626055059611
1612428338934,2,    0.474656,   -0.277141,     2.47899,    -1.00853,1626170661293
1612428338934,2,    0.465172,    -0.26195,     2.45871,   -0.939841,1626286884444
1612428338934,2,    0.450474,   -0.261753,     2.42927,   -0.857614,1626405897323
1612428338934,2,    0.431212,   -0.244152,     2.39692,   -0.763344,1626523595917
1612428338934,2,     0.41753,    -0.22878,     2.37391,   -0.695396,1626641536291
1612428338934,2,    0.401701,    -0.22932,     2.33809,   -0.618678,1626756364061
1612428338934,2,    0.388992,    -0.36986,     2.30066,   -0.553222,1626874081116
1612428338934,2,     0.37916,   -0.146782,      2.2666,   -0.478154,1626991943614
1612428338934,2,    0.373124,   -0.132476,     2.23762,   -0.414147,1627110175068
1612428338934,2,    0.368541,   -0.115097,     2.20493,   -0.330922,1627225772473
1612428338934,2,    0.367816,    -0.10919,     2.16346,   -0.246477,1627362487858
1612428338934,2,    0.390806,  -0.0898191,      2.1196,   -0.197962,1627479503674
1612428338934,2,      0.4083,  -0.0847508,     2.09122,   -0.175204,1627582076995
1612428338934,2,    0.427295,   -0.080505,     2.05347,   -0.156554,1627697823759
1612428338934,2,    0.444108,  -0.0765835,     2.01175,   -0.140729,1627817950482
1612428338934,2,    0.458735,   -0.072315,     1.96583,   -0.125456,1627935036692
1612428338934,2,    0.471174,  -0.0687358,     1.92582,   -0.112241,1628053994697
1612428338934,2,    0.481417,   -0.065047,     1.88458,   -0.100663,1628169489887
1612428338934,2,    0.489457,  -0.0599461,      1.8357,   -0.086506,1628286539309
1612428338934,2,    0.495278,  -0.0549246,     1.78242,  -0.0724496,1628402947179
1612428338934,2,    0.498849,  -0.0499795,     1.73024,  -0.0612724,1628520678456
1612428338934,2,         0.5,  -0.0473227,     1.67237,   -0.051703,1628637274607
1612428338934,2,         0.5,  -0.0439442,     1.61034,  -0.0449523,1628764838038
1612428338934,2,         0.5,  -0.0406278,     1.56065,  -0.0381358,1628883074379
1612428338934,2,         0.5,  -0.0337907,     1.49968,  -0.0276243,1629001279212
1612428338934,2,         0.5,  -0.0274132,     1.42617,  -0.0198169,1629116996628
1612428338934,2,         0.5,  -0.0229625,     1.37441,  -0.0133955,1629234980459
1612428338934,2,         0.5,  -0.0189221,     1.31399, -0.00966657,1629355415804
1612428338934,2,         0.5,  -0.0178126,     1.25572, -0.00858164,1629471855645
1612428338934,2,         0.5,  -0.0171378,     1.19496, -0.00793906,1629590421178
1612428338934,2,         0.5,  -0.0152111,     1.14736,  -0.0065408,1629708919977
1612428338934,2,         0.5,   -0.011029,     1.09291, -0.00342493,1629825980787
1612428338934,2,         0.5, -0.00469246,     1.02842, 0.000805318,1629942156684
1612428338934,2,         0.5, -0.00187886,    0.967901,  0.00143338,1630060169493
1612428338934,2,    0.499998,  0.00258739,    0.905947,  0.00286852,1630185179964
1612428338934,2,     0.49869,  0.00568717,    0.843339,   0.0026344,1630298175018
1612428338934,2,    0.495337,  0.00865764,    0.786082,  0.00248968,1630420210684
1612428338934,2,     0.48954,   0.0115302,    0.724987,  0.00157824,1630547127972
1612428338934,2,    0.481306,   0.0158272,     0.66373,  0.00181377,1630664071651
1612428338934,2,    0.470066,   0.0152218,    0.600846,-0.000779749,1630784089875
1612428338934,2,    0.456531,   0.0364655,    0.540703, -0.00188675,1630901204293
1612428338934,2,    0.440203,  0.00828459,    0.482061, -0.00304977,1631018248855
1612428338934,2,     0.42043,  0.00798608,    0.423392, -0.00345801,1631135502504
1612428338934,2,    0.397882,  0.00869621,    0.366998, -0.00391714,1631251829349
1612428338934,2,    0.370795,  0.00856524,    0.310669, -0.00464784,1631377415024
1612428338934,2,     0.33847,    0.010063,    0.256242, -0.00163049,1631496174696
1612428338934,2,    0.303107,  0.00995317,    0.206698,-0.000329656,1631612097702
1612428338934,2,    0.267567,  0.00798221,    0.166871, -0.00114734,1631731430048
1612428338934,2,    0.217366,  0.00552028,    0.121776, -0.00318841,1631846451032
1612428338934,2,    0.150496,  0.00644702,   0.0749535, -0.00568685,1631964847227
1612428338934,2,    0.101862,  0.00472376,   0.0436611,   -0.003904,1632082698355
1612428338934,2,   0.0440128,  0.00191956,   0.0158232, -0.00501536,1632181442667
1612428338934,2,           0,           0,  -0.0158981, -0.00457622,1632300236747
1612428338934,2,           0,           0,   -0.029249, -0.00251636,1632417735728
1612428338934,2,           0,           0,  -0.0421999, -0.00209253,1632536450929
1612428338934,2,           0,           0,  -0.0389712, -0.00137829,1632653989975
1612428338934,2,           0,           0,  -0.0350163, -0.00198907,1632771509751
1612428338934,2,           0,           0,  -0.0339573, -0.00179879,1632888830493
1612428338934,2,           0,           0,  -0.0353867, -0.00395413,1633005262009
1612428338934,2,           0,           0,  -0.0343033, -0.00460088,1633128741755
1612428338934,2,           0,           0,  -0.0374055, -0.00440108,1633244357964
1612428338934,2,           0,           0,  -0.0358148, -0.00350857,1633362040048
1612428338934,2,           0,           0,  -0.0378024,   -0.003386,1633478124014
1612428338934,2,           0,  -0.0297095,  -0.0333788,  -0.0014422,1633596505867
1612428338934,2,           0,   -0.073435,  -0.0313195, -0.00141113,1633713737568
1612428338934,2,           0,    -0.11615,  -0.0302788,  0.00146041,1633829675973
1612428338934,2,           0,   -0.157855,  -0.0303957,  0.00133703,1633949022636
1612428338934,2,           0,   -0.198547,  -0.0314727,  0.00129322,1634065715004
1612428338934,2,           0,   -0.238216,  -0.0331782,  0.00214623,1634182287515
1612428338934,2,           0,   -0.276843,  -0.0352719, 0.000172697,1634300052621
1612428338934,2,           0,   -0.314427,  -0.0347139, -0.00166361,1634418473890
1612428338934,2,           0,   -0.350946,  -0.0341667, -0.00554387,1634536144975
1612428338934,2,           0,   -0.386382,  -0.0345382, -0.00912069,1634653209282
1612428338934,2,           0,   -0.420715,  -0.0301236,  -0.0137703,1634770124393
1612428338934,2,           0,   -0.453928,  -0.0296366,  -0.0147889,1634887510116
1612428338934,2,           0,   -0.486004,  -0.0315715,  -0.0158702,1635005188385
1612428338934,2,           0,   -0.516912,  -0.0306703,  -0.0149725,1635121312516
1612428338934,2,           0,   -0.546645,  -0.0288282,  -0.0148788,1635238470807
1612428338934,2,           0,   -0.575149,  -0.0277276,  -0.0128114,1635355995060
1612428338934,2,           0,   -0.602397,  -0.0264109,  -0.0113438,1635472987610
1612428338934,2,           0,   -0.628339,  -0.0256015,  -0.0130679,1635591773754
1612428338934,2,           0,   -0.652934,  -0.0228606, -0.00688793,1635708069139
1612428338934,2,           0,   -0.679889,  -0.0260163,  -0.0102393,1635843385590
1612428338934,2,           0,   -0.701409,  -0.0268354,  -0.0122889,1635959997473
1612428338934,2,           0,   -0.718143,  -0.0259897,  -0.0139888,1636057304441
1612428338934,2,           0,   -0.736698,  -0.0287729, -0.00941719,1636181397870
1612428338934,2,           0,   -0.753453,  -0.0278767,  -0.0118087,1636298072316
1612428338934,2,           0,   -0.768213,   -0.032479,  -0.0094955,1636414542916
1612428338934,2,           0,   -0.780652,  -0.0354639,  -0.0120585,1636531638893
1612428338934,2,           0,   -0.790646,  -0.0317284, -0.00804674,1636648882028
1612428338934,2,           0,    -0.79725,  -0.0318723, -0.00791365,1636785707562
1612428338934,2,           0,   -0.780155,   -0.040422, -0.00627877,1636902379632
1612428338934,2,           0,   -0.754979,  -0.0448539,  -0.0106929,1637019392540
1612428338934,2,           0,   -0.727756,  -0.0471676,  -0.0160028,1637136456158
1612428338934,2,           0,   -0.698611,  -0.0415565,  -0.0235097,1637259317066
1612428338934,2,           0,   -0.666326,    -0.03443,  -0.0282369,1637376530979
1612428338934,2,           0,   -0.632606,  -0.0308955,  -0.0255618,1637493276765
1612428338934,2,           0,   -0.607141,   -0.023039,  -0.0222215,1637592352506
1612428338934,2,           0,   -0.554968,   -0.021722,  -0.0214374,1637729850785
1612428338934,2,           0,   -0.513916, -0.00859332,  -0.0219365,1637847433919
1612428338934,2,           0,   -0.477421, -0.00712627,   -0.022456,1637968123274
1612428338934,2,           0,   -0.434778, -0.00558863,  -0.0100137,1638083901176
1612428338934,2,           0,   -0.399163,   -0.002757, -0.00922355,1638200439268
1612428338934,2,           0,   -0.347826,  -0.0046019, -0.00871763,1638320273509
1612428338934,2,           0,   -0.313864, -0.00757496, -0.00463743,1638439023303
1612428338934,2,           0,   -0.266426,   -0.010624, -0.00189117,1638556792478
1612428338934,2,           0,   -0.227094,  -0.0105209, -0.00239914,1638677098659
1612428338934,2,           0,    -0.19036,  -0.0112047, -0.00264196,1638795457791
1612428338934,2,           0,   -0.151528,  -0.0109137,  0.00129771,1638912673592
1612428338934,2,           0,   -0.125167,  -0.0125789, 0.000728541,1639030519529
1612428338934,2,           0,  -0.0643216,  -0.0117302, 0.000637421,1639149004858
1612428338934,2,           0,  -0.0420783, -0.00990165,   0.0014339,1639265845633
1612428338934,2,           0,           0, -0.00989943,  0.00129592,1639383459135
