1675878689831,2,           0,           0,     3.01508,  -0.0138951,1675935999611
1675878689831,2,           0,           0,     3.01508,  -0.0138951,1676053474914
1675878689831,2,           0,           0,     3.01508,  -0.0138951,1676171080978
1675878689831,2,           0,           0,     3.01508,  -0.0138951,1676287597654
1675878689831,2,           0,           0,     3.01508,  -0.0138951,1676404271585
1675878689831,2,           0,           0,     3.01508,  -0.0138951,1676521248854
1675878689831,2,           0,           0,     3.01508,  -0.0138951,1676638111956
1675878689831,2,           0,           0,     3.01508,  -0.0138951,1676760075730
1675878689831,2,           0,           0,     3.01508,  -0.0138951,1676877093865
1675878689831,2,           0,           0,     3.01508,  -0.0138951,1676994274194
1675878689831,2,           0,           0,     3.01508,  -0.0138951,1677131175152
1675878689831,2,           0,           0,     3.01508,  -0.0138951,1677248457506
1675878689831,2,           0,           0,     3.01508,  -0.0138951,1677365043942
1675878689831,2,           0,           0,     3.01508,  -0.0138951,1677481674947
1675878689831,2,           0,           0,     3.01508,  -0.0138951,1677598587513
1675878689831,2,           0,           0,     3.01508,  -0.0138951,1677716021440
1675878689831,2,           0,           0,     3.01508,  -0.0138951,1677833640048
1675878689831,2,           0,           0,     3.01508,  -0.0138951,1677952702922
1675878689831,2,           0,           0,     3.01508,  -0.0138951,1678071129605
1675878689831,2,           0,           0,     3.01508,  -0.0138951,1678188124477
1675878689831,2,           0,           0,     3.01508,  -0.0138951,1678305314009
1675878689831,2,           0,           0,     3.01508,  -0.0138951,1678443708394
1675878689831,2,           0,           0,     3.01508,  -0.0138951,1678560410920
1675878689831,2,           0,           0,     3.01508,  -0.0138951,1678676345632
1675878689831,2,           0,           0,     3.01508,  -0.0138951,1678795465412
1675878689831,2,           0,           0,     3.01508,  -0.0138951,1678912775727
1675878689831,2,           0,           0,     3.01508,  -0.0138951,1679029916698
1675878689831,2,           0,           0,     3.01508,  -0.0138951,1679165805438
1675878689831,2,           0,           0,     3.01508,  -0.0138951,1679283439223
1675878689831,2,           0,           0,     3.01508,  -0.0138951,1679401405140
1675878689831,2,           0,           0,     3.01508,  -0.0138951,1679517928607
1675878689831,2,           0,           0,     3.01508,  -0.0138951,1679634102715
1675878689831,2,           0,           0,     3.01508,  -0.0138951,1679751353127
1675878689831,2,           0,           0,     3.01508,  -0.0138951,1679869734546
1675878689831,2,           0,   0.0168696,     3.01508,  -0.0138951,1679987313479
1675878689831,2,           0,   0.0453126,     3.01508,  -0.0138951,1680125734857
1675878689831,2,           0,   0.0685994,     3.01508,  -0.0138951,1680242598668
1675878689831,2,           0,   0.0908495,     3.01508,  -0.0187419,1680361279856
1675878689831,2,           0,    0.111986,     3.01342,  -0.0332247,1680477671850
1675878689831,2,           0,    0.131818,     3.01328,  -0.0680005,1680595415302
1675878689831,2,           0,    0.150188,     3.01219,   -0.105793,1680714614645
1675878689831,2,           0,    0.169512,     3.00918,   -0.171812,1680850392420
1675878689831,2,           0,    0.184172,     3.00455,   -0.223155,1680968694815
1675878689831,2,           0,    0.196937,     2.99873,   -0.265992,1681088628675
1675878689831,2,           0,    0.207363,     2.99092,   -0.325121,1681204094037
1675878689831,2,           0,    0.214809,     2.98318,   -0.387374,1681320818893
1675878689831,2,           0,    0.210911,     2.97517,   -0.457416,1681444093293
1675878689831,2,           0,    0.188426,     2.96433,   -0.531293,1681560409687
1675878689831,2,           0,    0.162797,     2.95275,   -0.608652,1681677465006
1675878689831,2,           0,    0.125895,     2.93272,   -0.694338,1681814179328
1675878689831,2,           0,   0.0986922,     2.91794,   -0.748389,1681930928198
1675878689831,2,           0,   0.0623981,     2.90294,   -0.817931,1682048804528
1675878689831,2,           0,   0.0144972,     2.88709,   -0.886272,1682166551911
1675878689831,2,           0,           0,     2.87402,    -0.92341,1682304481371
1675878689831,2,           0,           0,     2.86538,   -0.956897,1682421393613
1675878689831,2,           0,           0,     2.85953,   -0.965444,1682538329054
1675878689831,2,           0,           0,     2.85866,   -0.971914,1682658608481
1675878689831,2,           0,           0,     2.83959,   -0.972958,1682799336568
1675878689831,2,           0,           0,     2.83587,   -0.989023,1682915712867
1675878689831,2,           0,           0,     2.83587,   -0.989023,1683036255303
1675878689831,2,           0,           0,     2.83448,    -1.00005,1683162747621
1675878689831,2,           0,           0,      2.8382,     -1.0065,1683270291160
1675878689831,2,           0,           0,     2.83716,    -1.00616,1683389348002
1675878689831,2,   0.0455722, -0.00511712,     2.84122,    -1.00987,1683509295254
1675878689831,2,   0.0959987,  -0.0109907,     2.83962,    -1.01225,1683646701648
1675878689831,2,    0.136871,  -0.0148434,     2.83936,     -1.0087,1683762299596
1675878689831,2,    0.175574,  -0.0169598,     2.83395,    -1.00699,1683879777247
1675878689831,2,    0.212107,  -0.0198929,     2.82715,    -1.00559,1683996403530
1675878689831,2,    0.251984,  -0.0213279,      2.8314,    -1.00742,1684134060377
1675878689831,2,    0.283811,  -0.0233382,     2.83629,    -1.01052,1684250764500
1675878689831,2,    0.313466,  -0.0226949,     2.83291,    -1.00815,1684368204446
1675878689831,2,    0.340948,  -0.0245354,     2.83253,    -1.01144,1684484924193
1675878689831,2,    0.366254,  -0.0253694,     2.84037,     -1.0203,1684602802835
1675878689831,2,    0.389384,  -0.0246036,     2.82591,    -1.01929,1684721124470
1675878689831,2,    0.410336,   -0.022927,     2.82058,    -1.02457,1684837935778
1675878689831,2,    0.429109,  -0.0204946,     2.81901,    -1.03111,1684956403757
1675878689831,2,    0.445699,  -0.0154672,     2.81748,    -1.03446,1685076904373
1675878689831,2,    0.460104, -0.00984306,     2.83061,    -1.04909,1685195014984
1675878689831,2,    0.472319, -0.00702052,     2.82633,     -1.0592,1685313233488
1675878689831,2,    0.483794,-0.000175236,     2.80925,    -1.06891,1685451815803
1675878689831,2,     0.49124,  0.00653456,     2.81663,    -1.08901,1685569132962
1675878689831,2,    0.496461,   0.0129563,     2.80562,    -1.10462,1685686892189
1675878689831,2,    0.499416,   0.0258556,     2.78501,    -1.12259,1685803592970
1675878689831,2,         0.5,    0.037793,     2.79489,    -1.14938,1685919949424
1675878689831,2,         0.5,   0.0860408,     2.76334,    -1.17525,1686057618292
1675878689831,2,         0.5,   0.0870177,     2.76535,    -1.21773,1686176462940
1675878689831,2,         0.5,   0.0854838,     2.73569,    -1.25845,1686293447869
1675878689831,2,         0.5,   0.0764635,     2.71318,    -1.30489,1686409592741
1675878689831,2,         0.5,     0.07097,      2.6896,    -1.34653,1686530296417
1675878689831,2,         0.5,   0.0642157,     2.66162,    -1.39275,1686667217067
1675878689831,2,         0.5,   0.0599804,     2.63838,    -1.43108,1686765266491
1675878689831,2,         0.5,   0.0490691,     2.61656,     -1.4703,1686905198096
1675878689831,2,         0.5,   0.0435599,     2.60884,    -1.50769,1687010083274
1675878689831,2,         0.5,   0.0348391,     2.59341,    -1.54123,1687139481530
1675878689831,2,         0.5,   0.0255294,     2.56917,      -1.579,1687256842176
1675878689831,2,     0.49961,   0.0261223,     2.54559,     -1.5941,1687373898187
1675878689831,2,         0.5,  0.00979706,     2.54591,    -1.64018,1687510598273
1675878689831,2,    0.499196,  0.00179022,     2.52141,    -1.65849,1687628654650
1675878689831,2,    0.495272, -0.00788219,     2.50633,    -1.68658,1687746759912
1675878689831,2,    0.498846,  -0.0431384,     2.48966,     -1.6952,1687865499178
1675878689831,2,    0.499598,  -0.0565141,     2.47046,    -1.70294,1687982975674
1675878689831,2,    0.497222,  -0.0726449,      2.4871,    -1.71647,1688102787699
1675878689831,2,     0.49844,   -0.140591,     2.47402,    -1.71257,1688219976242
1675878689831,2,    0.499688,   -0.167034,     2.49372,    -1.70112,1688357053250
1675878689831,2,    0.497631,    -0.18841,     2.49651,    -1.68077,1688475179450
1675878689831,2,    0.499987,   -0.235887,       2.546,    -1.64988,1688612304719
1675878689831,2,         0.5,    -0.22379,     2.57174,    -1.58207,1688728146614
1675878689831,2,    0.499998,   -0.222776,     2.59766,    -1.53611,1688845963243
1675878689831,2,    0.498686,   -0.198923,     2.57681,    -1.45881,1688963281483
1675878689831,2,    0.499886,   -0.293874,     2.55212,    -1.39611,1689082083706
1675878689831,2,         0.5,   -0.304651,     2.53002,    -1.33109,1689201620783
1675878689831,2,         0.5,   -0.316828,     2.51089,    -1.26133,1689318965018
1675878689831,2,         0.5,   -0.324935,     2.49011,    -1.15898,1689456804189
1675878689831,2,         0.5,   -0.322971,     2.47412,    -1.06595,1689574558282
1675878689831,2,         0.5,   -0.321727,     2.45843,   -0.985343,1689691258496
1675878689831,2,         0.5,   -0.319149,      2.4338,   -0.886109,1689809667503
1675878689831,2,         0.5,   -0.315348,     2.40426,   -0.780911,1689927675112
1675878689831,2,         0.5,   -0.309196,     2.37827,    -0.70104,1690046619141
1675878689831,2,    0.499093,   -0.299994,     2.33258,   -0.596515,1690184330066
1675878689831,2,    0.495989,   -0.277356,     2.29264,   -0.510179,1690300362158
1675878689831,2,    0.490641,   -0.244228,     2.24968,   -0.432126,1690417009008
1675878689831,2,    0.482804,   -0.256807,     2.20128,   -0.363815,1690535552608
1675878689831,2,     0.48816,   -0.155944,      2.1475,   -0.303969,1690653303832
1675878689831,2,    0.494386,   -0.134788,     2.09248,   -0.251157,1690781637227
1675878689831,2,    0.498812,   -0.121175,     2.02578,   -0.208745,1690920754679
1675878689831,2,         0.5,   -0.111281,     1.97867,   -0.183696,1691017166147
1675878689831,2,         0.5,   -0.103516,     1.92176,   -0.158884,1691144011974
1675878689831,2,         0.5,   -0.092357,     1.85691,   -0.130708,1691282023803
1675878689831,2,         0.5,  -0.0845602,     1.80847,    -0.11375,1691385256755
1675878689831,2,         0.5,  -0.0740431,     1.73965,  -0.0908674,1691524114254
1675878689831,2,         0.5,  -0.0659177,     1.68083,  -0.0761496,1691640155709
1675878689831,2,         0.5,  -0.0617195,     1.62253,  -0.0657828,1691767053079
1675878689831,2,         0.5,  -0.0557017,     1.56308,  -0.0542852,1691884181119
1675878689831,2,         0.5,  -0.0481709,     1.50328,  -0.0417166,1692002232833
1675878689831,2,         0.5,  -0.0429543,     1.44655,  -0.0342941,1692119790830
1675878689831,2,         0.5,  -0.0365651,     1.37955,  -0.0261376,1692257602087
1675878689831,2,         0.5,  -0.0319039,     1.31991,  -0.0203515,1692374955169
1675878689831,2,         0.5,  -0.0249342,     1.27363,  -0.0128559,1692492073953
1675878689831,2,         0.5,  -0.0203051,     1.21332, -0.00887536,1692608552545
1675878689831,2,         0.5,  -0.0139709,     1.15432, -0.00387041,1692725392222
1675878689831,2,         0.5,  -0.0101931,     1.08446, -0.00215449,1692865120747
1675878689831,2,         0.5, -0.00556347,     1.02368, 0.000275809,1692980518990
1675878689831,2,         0.5,-0.000622296,    0.973893,  0.00250098,1693097695304
1675878689831,2,     0.49999,  0.00452338,    0.902903,  0.00332733,1693234221781
1675878689831,2,     0.49865,  0.00706437,    0.843031,  0.00209358,1693351583026
1675878689831,2,    0.495781,  0.00822527,    0.792052, 5.11959e-05,1693468298929
1675878689831,2,    0.490216,   0.0126537,    0.731031,-0.000157833,1693584030623
1675878689831,2,     0.47889,   0.0159083,     0.64913, -0.00134484,1693720144094
1675878689831,2,    0.469457,   0.0357231,    0.597661, -0.00287665,1693842180419
1675878689831,2,    0.455776,   0.0123401,    0.537819,  -0.0032934,1693955925811
1675878689831,2,    0.442478,   0.0109019,    0.490128, -0.00495156,1694071920677
1675878689831,2,    0.417451,   0.0131352,    0.414996, -0.00504553,1694207644620
1675878689831,2,     0.39876,   0.0101974,     0.36857, -0.00873887,1694322715253
1675878689831,2,    0.371854,   0.0109113,    0.312482, -0.00818944,1694437813834
1675878689831,2,    0.331153,   0.0088512,    0.244858,  -0.0101737,1694573374753
1675878689831,2,    0.299048,  0.00823272,    0.202121,   -0.010425,1694692025432
1675878689831,2,    0.249878,  0.00730339,    0.149465,  -0.0100867,1694809470290
1675878689831,2,    0.178431,   0.0131049,   0.0946523, -0.00727106,1694947089873
1675878689831,2,     0.12367,  0.00886347,   0.0567665, -0.00710868,1695065890642
1675878689831,2,   0.0707096,  0.00502349,   0.0272752, -0.00685855,1695182926668
1675878689831,2,           0,           0, -0.00726331, -0.00638571,1695319553004
1675878689831,2,           0,           0,  -0.0282907, -0.00685262,1695437257269
1675878689831,2,           0,           0,  -0.0361009, -0.00470787,1695555883300
1675878689831,2,           0,           0,  -0.0373106, -0.00211844,1695675015574
1675878689831,2,           0,           0,  -0.0339937,-0.000517691,1695793329180
1675878689831,2,           0,           0,  -0.0300407, -0.00100269,1695930057201
1675878689831,2,           0,           0,  -0.0318462,-0.000395711,1696048179221
1675878689831,2,           0,           0,  -0.0319729, -0.00268605,1696164846679
1675878689831,2,           0,           0,   -0.034008, -0.00354155,1696282591499
1675878689831,2,           0,           0,  -0.0372366, -0.00790544,1696419781942
1675878689831,2,           0,           0,  -0.0413644, -0.00946869,1696537287983
1675878689831,2,           0,  -0.0370658,  -0.0459732,  -0.0104128,1696654149733
1675878689831,2,           0,  -0.0806205,   -0.050767, -0.00909852,1696771356605
1675878689831,2,           0,    -0.13016,  -0.0521493, -0.00619719,1696908433135
1675878689831,2,           0,   -0.171522,  -0.0489097, -0.00394569,1697024847999
1675878689831,2,           0,   -0.211862,  -0.0438341, -0.00205459,1697142039829
1675878689831,2,           0,   -0.257619,  -0.0385601, -0.00122146,1697278341832
1675878689831,2,           0,   -0.295707,  -0.0345008, -0.00206366,1697395921482
1675878689831,2,           0,   -0.332732,  -0.0357595,  -0.0094607,1697513727912
1675878689831,2,           0,   -0.368677,  -0.0359319,  -0.0126863,1697631207655
1675878689831,2,           0,   -0.403527,  -0.0382626,  -0.0166253,1697750582149
1675878689831,2,           0,    -0.44278,  -0.0396041,  -0.0208845,1697888452736
1675878689831,2,           0,   -0.475217,   -0.040523,  -0.0205408,1698006528417
1675878689831,2,           0,    -0.50651,  -0.0395334,  -0.0223865,1698123898209
1675878689831,2,           0,   -0.541504,  -0.0387427,  -0.0271271,1698261213086
1675878689831,2,           0,   -0.570197,   -0.036768,  -0.0247676,1698379752015
1675878689831,2,           0,   -0.597639,   -0.030724,  -0.0167227,1698496706122
1675878689831,2,           0,   -0.623804,   -0.029611,  -0.0186221,1698613033746
1675878689831,2,           0,    -0.64861,  -0.0281114,   -0.013561,1698729711767
1675878689831,2,           0,   -0.675844,   -0.030317,  -0.0167083,1698865587077
1675878689831,2,           0,   -0.697581,  -0.0286923,  -0.0174837,1698982561273
1675878689831,2,           0,   -0.717773,   -0.029668,  -0.0194325,1699100060056
1675878689831,2,           0,   -0.736279,  -0.0321087,  -0.0173181,1699215579305
1675878689831,2,           0,   -0.755645,  -0.0298867,  -0.0180802,1699353642430
1675878689831,2,           0,   -0.770143,  -0.0324274,  -0.0185364,1699469088728
1675878689831,2,           0,   -0.782368,  -0.0324993,  -0.0214294,1699585535273
1675878689831,2,           0,   -0.792018,  -0.0322782,   -0.019464,1699701797674
1675878689831,2,           0,   -0.797085,  -0.0300454,  -0.0207788,1699838109673
1675878689831,2,           0,   -0.777354,   -0.028044,  -0.0179371,1699955377833
1675878689831,2,           0,   -0.752177,  -0.0313104,  -0.0155269,1700073697793
1675878689831,2,           0,   -0.720745,  -0.0369283,  -0.0252657,1700209854334
1675878689831,2,           0,   -0.689406,   -0.039025,  -0.0284097,1700326159892
1675878689831,2,           0,   -0.662454,  -0.0353847,  -0.0268168,1700442847446
1675878689831,2,           0,   -0.622499,  -0.0375267,  -0.0261027,1700580586324
1675878689831,2,           0,   -0.584754,  -0.0304181,  -0.0264047,1700697168292
1675878689831,2,           0,   -0.546013,  -0.0179073,  -0.0254572,1700814488005
1675878689831,2,           0,   -0.501434,  -0.0120594,  -0.0201679,1700932452884
1675878689831,2,           0,   -0.449409,    -0.01016,  -0.0122606,1701069670497
1675878689831,2,           0,   -0.413996, -0.00508642, -0.00670264,1701186670519
1675878689831,2,           0,   -0.370799, -0.00755675, -0.00116477,1701305428789
1675878689831,2,           0,   -0.330628, -0.00747282, -0.00161763,1701423323245
1675878689831,2,           0,   -0.280979, -0.00775569, -0.00105842,1701560948206
1675878689831,2,           0,   -0.241715,  -0.0065613, -0.00328345,1701679002561
1675878689831,2,           0,   -0.203387, -0.00993802, -0.00363522,1701797305099
1675878689831,2,           0,   -0.161192,  -0.0105554, -0.00183454,1701932363509
1675878689831,2,           0,    -0.12713,  -0.0117955,-0.000611409,1702034756057
1675878689831,2,           0,  -0.0813541,  -0.0127418,-0.000953019,1702179758078
1675878689831,2,           0,  -0.0401513,  -0.0134009,  0.00145229,1702298835449
