1864688498793,2,           0,           0,     3.01393,   -0.011732,1864745974051
1864688498793,2,           0,           0,     3.01393,   -0.011732,1864863422401
1864688498793,2,           0,           0,     3.01393,   -0.011732,1864999775865
1864688498793,2,           0,           0,     3.01393,   -0.011732,1865137181133
1864688498793,2,           0,           0,     3.01393,   -0.011732,1865253754988
1864688498793,2,           0,           0,     3.01393,   -0.011732,1865390556174
1864688498793,2,           0,           0,     3.01393,   -0.011732,1865526930131
1864688498793,2,           0,           0,     3.01393,   -0.011732,1865663353378
1864688498793,2,           0,           0,     3.01393,   -0.011732,1865781125153
1864688498793,2,           0,           0,     3.01393,   -0.011732,1865918673962
1864688498793,2,           0,           0,     3.01393,   -0.011732,1866055275600
1864688498793,2,           0,           0,     3.01393,   -0.011732,1866172444185
1864688498793,2,           0,           0,     3.01393,   -0.011732,1866311743683
1864688498793,2,           0,           0,     3.01393,   -0.011732,1866448461610
1864688498793,2,           0,           0,     3.01393,   -0.011732,1866564895409
1864688498793,2,           0,           0,     3.01393,   -0.011732,1866703835040
1864688498793,2,           0,           0,     3.01393,   -0.011732,1866841835007
1864688498793,2,           0,           0,     3.01393,   -0.011732,1866977763610
1864688498793,2,           0,           0,     3.01393,   -0.011732,1867094102832
1864688498793,2,           0,           0,     3.01393,   -0.011732,1867236264548
1864688498793,2,           0,           0,     3.01393,   -0.011732,1867372677473
1864688498793,2,           0,           0,     3.01393,   -0.011732,1867507930418
1864688498793,2,           0,           0,     3.01393,   -0.011732,1867625069493
1864688498793,2,           0,           0,     3.01393,   -0.011732,1867760618113
1864688498793,2,           0,           0,     3.01393,   -0.011732,1867896653173
1864688498793,2,           0,           0,     3.01393,   -0.011732,1868034545269
1864688498793,2,           0,           0,     3.01393,   -0.011732,1868170907176
1864688498793,2,           0,           0,     3.01393,   -0.011732,1868288625224
1864688498793,2,           0,           0,     3.01393,   -0.011732,1868425036826
1864688498793,2,           0,           0,     3.01393,   -0.011732,1868562577303
1864688498793,2,           0,           0,     3.01393,   -0.011732,1868680080434
1864688498793,2,           0,   0.0212223,     3.01393,   -0.011732,1868817644481
1864688498793,2,           0,   0.0497567,     3.01393,   -0.011732,1868956842518
1864688498793,2,           0,   0.0769158,     3.01393,  -0.0129969,1869093426524
1864688498793,2,           0,   0.0990476,     3.01342,  -0.0183857,1869210585324
1864688498793,2,           0,    0.123403,     3.01362,  -0.0441024,1869348538665
1864688498793,2,           0,    0.145951,     3.01393,  -0.0770847,1869492953083
1864688498793,2,           0,    0.166359,     3.01106,   -0.135891,1869624650293
1864688498793,2,           0,    0.184447,     3.00748,   -0.196482,1869762449096
1864688498793,2,           0,    0.197887,     3.00288,   -0.253144,1869881678163
1864688498793,2,           0,    0.210755,     2.99648,   -0.319881,1870017974503
1864688498793,2,           0,    0.219636,     2.98489,   -0.395098,1870154696940
1864688498793,2,           0,    0.214566,     2.97522,   -0.466159,1870299167621
1864688498793,2,           0,    0.182248,     2.95736,   -0.572837,1870429226757
1864688498793,2,           0,    0.160299,     2.94446,   -0.634759,1870547663981
1864688498793,2,           0,    0.120776,     2.92375,   -0.725016,1870685844928
1864688498793,2,           0,   0.0818408,     2.90648,   -0.803847,1870822444592
1864688498793,2,           0,    0.043188,      2.8886,   -0.865994,1870943209065
1864688498793,2,           0,           0,     2.87267,   -0.925158,1871060176653
1864688498793,2,           0,           0,     2.85912,   -0.974756,1871216853279
1864688498793,2,           0,           0,     2.83663,   -0.980264,1871355124721
1864688498793,2,           0,           0,     2.83577,   -0.984239,1871472136332
1864688498793,2,           0,           0,     2.84939,   -0.993449,1871608960628
1864688498793,2,           0,           0,     2.84498,    -1.00981,1871747926312
1864688498793,2,           0,           0,     2.82567,    -1.01151,1871885264625
1864688498793,2,           0,           0,     2.82743,    -1.01856,1872022681923
1864688498793,2,           0,           0,      2.8296,    -1.03411,1872158923111
1864688498793,2,   0.0154317, -0.00172794,     2.83345,    -1.03692,1872276903052
1864688498793,2,   0.0675451, -0.00767233,     2.83432,    -1.03866,1872413277286
1864688498793,2,    0.116706,  -0.0122735,     2.83136,    -1.03538,1872554034865
1864688498793,2,    0.156494,  -0.0158954,     2.83032,    -1.03611,1872670612126
1864688498793,2,     0.20017,    -0.01905,       2.823,    -1.03273,1872808241913
1864688498793,2,    0.240892,  -0.0204984,      2.8302,    -1.03417,1872946041241
1864688498793,2,    0.273444,  -0.0231351,     2.83613,    -1.03716,1873063853656
1864688498793,2,    0.308675,  -0.0252016,     2.83063,    -1.04008,1873199623974
1864688498793,2,    0.340948,  -0.0250397,     2.82239,    -1.03563,1873337362451
1864688498793,2,     0.37026,  -0.0253227,     2.82111,    -1.04531,1873473974385
1864688498793,2,    0.393027,  -0.0234229,     2.83214,    -1.05026,1873593741926
1864688498793,2,    0.416836,   -0.019454,     2.81212,    -1.05093,1873730154120
1864688498793,2,    0.437677,   -0.018006,     2.81071,    -1.05869,1873867036406
1864688498793,2,    0.455545,  -0.0151493,     2.80721,    -1.06575,1874004812438
1864688498793,2,    0.468491, -0.00991139,      2.8164,      -1.081,1874122304908
1864688498793,2,    0.480821, -0.00483042,     2.80171,    -1.08982,1874267908793
1864688498793,2,    0.489004, 0.000503467,      2.8098,    -1.10904,1874386007837
1864688498793,2,    0.495746,  0.00284529,     2.78933,    -1.12655,1874523373651
1864688498793,2,    0.499416,   0.0384182,     2.78439,     -1.1468,1874659974525
1864688498793,2,         0.5,   0.0539685,     2.77242,    -1.17435,1874797812494
1864688498793,2,         0.5,   0.0678123,     2.75192,    -1.20232,1874915658234
1864688498793,2,         0.5,   0.0690343,     2.74301,     -1.2478,1875051833067
1864688498793,2,         0.5,   0.0716836,      2.7207,    -1.28122,1875192329854
1864688498793,2,         0.5,   0.0689868,     2.69832,    -1.33388,1875329703340
1864688498793,2,         0.5,   0.0651555,      2.6879,    -1.36973,1875437989017
1864688498793,2,         0.5,   0.0574345,     2.65092,    -1.41379,1875595845010
1864688498793,2,         0.5,   0.0516897,     2.64418,    -1.46347,1875718316059
1864688498793,2,         0.5,   0.0413573,      2.6257,    -1.50118,1875854871456
1864688498793,2,         0.5,   0.0340623,     2.59766,    -1.54139,1875990483867
1864688498793,2,         0.5,   0.0196067,     2.58375,    -1.57839,1876108102393
1864688498793,2,    0.499959,   0.0182245,     2.56444,     -1.6081,1876244483013
1864688498793,2,         0.5,  0.00290466,     2.54729,    -1.63751,1876379074262
1864688498793,2,    0.498918, -0.00486995,     2.50754,    -1.64937,1876516406802
1864688498793,2,    0.497984,  -0.0489393,      2.5125,    -1.69417,1876673690693
1864688498793,2,    0.499456,  -0.0542862,     2.48726,    -1.69394,1876798242863
1864688498793,2,     0.49854,   -0.104805,     2.49739,    -1.70245,1876934515163
1864688498793,2,    0.499954,   -0.113544,     2.48198,    -1.68679,1877071132249
1864688498793,2,    0.498682,   -0.126354,     2.51515,    -1.68839,1877208863586
1864688498793,2,    0.499724,   -0.209029,     2.54048,    -1.66435,1877348796474
1864688498793,2,         0.5,   -0.219959,     2.55592,    -1.63817,1877465572908
1864688498793,2,    0.499819,   -0.231932,     2.56572,    -1.57476,1877603128425
1864688498793,2,    0.499762,   -0.292655,     2.58876,    -1.51138,1877740864323
1864688498793,2,         0.5,    -0.29454,     2.56938,    -1.42154,1877876653078
1864688498793,2,         0.5,   -0.292538,     2.55867,    -1.34855,1877992048142
1864688498793,2,         0.5,   -0.298339,     2.54073,    -1.25226,1878127717957
1864688498793,2,         0.5,   -0.297551,     2.52674,    -1.15238,1878264408212
1864688498793,2,         0.5,   -0.304551,      2.5035,    -1.04966,1878399375617
1864688498793,2,         0.5,   -0.310766,     2.47413,   -0.945577,1878537344663
1864688498793,2,         0.5,   -0.313156,       2.441,   -0.835219,1878673590138
1864688498793,2,    0.499913,   -0.304957,     2.41023,   -0.740975,1878792586190
1864688498793,2,    0.497734,   -0.282126,     2.37073,   -0.640193,1878930724831
1864688498793,2,    0.493457,   -0.261724,      2.3312,   -0.557988,1879066593478
1864688498793,2,    0.484175,    -0.21777,     2.27405,   -0.454699,1879206895396
1864688498793,2,    0.474608,   -0.247379,     2.22585,   -0.391519,1879344647874
1864688498793,2,     0.46544,   -0.129796,     2.16619,   -0.325307,1879482315172
1864688498793,2,    0.462946,   -0.136589,     2.10826,   -0.276537,1879598953032
1864688498793,2,    0.476427,   -0.125438,     2.04184,   -0.235164,1879735086006
1864688498793,2,    0.486915,   -0.115691,     1.97509,   -0.199003,1879872349400
1864688498793,2,    0.494392,    -0.11064,     1.91755,   -0.171385,1880008373063
1864688498793,2,    0.498815,  -0.0974833,     1.86356,   -0.143403,1880146191017
1864688498793,2,         0.5,  -0.0872828,     1.80131,   -0.117652,1880286959051
1864688498793,2,         0.5,  -0.0780077,     1.74275,  -0.0987544,1880403905593
1864688498793,2,         0.5,  -0.0678685,     1.66784,  -0.0781762,1880559705131
1864688498793,2,         0.5,  -0.0586736,     1.61172,   -0.063709,1880680034734
1864688498793,2,         0.5,  -0.0535096,     1.54178,  -0.0512718,1880819959723
1864688498793,2,         0.5,  -0.0466896,     1.47199,  -0.0405217,1880956879070
1864688498793,2,         0.5,  -0.0422429,     1.39875,  -0.0336842,1881092398263
1864688498793,2,         0.5,   -0.035429,     1.33084,  -0.0250872,1881239428016
1864688498793,2,         0.5,  -0.0307258,     1.27226,  -0.0193136,1881374535052
1864688498793,2,         0.5,  -0.0223098,      1.2037,  -0.0104975,1881511194120
1864688498793,2,         0.5,  -0.0181708,     1.12816, -0.00836446,1881649746358
1864688498793,2,         0.5,   -0.011872,     1.06802, -0.00363159,1881786889698
1864688498793,2,         0.5,  -0.0113764,     1.01666, -0.00466724,1881904940602
1864688498793,2,         0.5, -0.00317457,    0.937913,-0.000693262,1882041921103
1864688498793,2,    0.499449,  0.00314921,    0.866945, 0.000977332,1882179149619
1864688498793,2,    0.496064,  0.00771464,    0.795487, 0.000565205,1882316565003
1864688498793,2,    0.491395,   0.0113877,    0.742004,-0.000179451,1882435300244
1864688498793,2,     0.48253,   0.0178307,    0.671995,  0.00087489,1882571640237
1864688498793,2,    0.471851,   0.0213876,     0.60931, 0.000556041,1882705821192
1864688498793,2,    0.453984,   0.0129143,    0.530626, -0.00300087,1882842933434
1864688498793,2,    0.437109,   0.0111547,    0.472175, -0.00496279,1882979522400
1864688498793,2,    0.415551,  0.00898434,    0.409419, -0.00807008,1883116426458
1864688498793,2,    0.387368,   0.0112071,    0.343501, -0.00777388,1883251388470
1864688498793,2,    0.356909,    0.016313,    0.285317, -0.00142299,1883386788249
1864688498793,2,     0.31018,   0.0135372,    0.216013, -0.00262211,1883522847839
1864688498793,2,    0.269531,   0.0110218,    0.169179, -0.00336229,1883658622373
1864688498793,2,    0.208819,  0.00786228,    0.114946, -0.00492442,1883777135748
1864688498793,2,    0.147849,  0.00936131,   0.0726043, -0.00838818,1883922215652
1864688498793,2,   0.0710208,  0.00448809,    0.027408, -0.00761177,1884058934365
1864688498793,2,           0,           0, -0.00866745, -0.00612135,1884195843772
1864688498793,2,           0,           0,  -0.0258572, -0.00488854,1884312536389
1864688498793,2,           0,           0,   -0.036368,  -0.0046625,1884449735563
1864688498793,2,           0,           0,  -0.0356007, -0.00301345,1884585147688
1864688498793,2,           0,           0,  -0.0295015, -0.00184407,1884724758511
1864688498793,2,           0,           0,  -0.0290661, -0.00253523,1884860428326
1864688498793,2,           0,           0,  -0.0319031, -0.00334472,1884998917624
1864688498793,2,           0,           0,  -0.0347383, -0.00625416,1885135979794
1864688498793,2,           0,           0,  -0.0399115,  -0.0064593,1885273181125
1864688498793,2,           0,           0,  -0.0436239,  -0.0076678,1885390732872
1864688498793,2,           0,  -0.0370623,  -0.0411487, -0.00621524,1885529998757
1864688498793,2,           0,  -0.0877783,  -0.0384574, -0.00643198,1885668838228
1864688498793,2,           0,   -0.137119,  -0.0417588, -0.00866515,1885804294385
1864688498793,2,           0,    -0.18508,  -0.0460483, -0.00999242,1885939594122
1864688498793,2,           0,   -0.231652,  -0.0443299, -0.00925518,1886077596971
1864688498793,2,           0,   -0.276811,  -0.0409852, -0.00521831,1886213455059
1864688498793,2,           0,   -0.314384,  -0.0426568, -0.00958336,1886329503069
1864688498793,2,           0,   -0.356877,  -0.0427144,  -0.0124783,1886466796997
1864688498793,2,           0,   -0.397893,  -0.0384419,  -0.0133525,1886604297978
1864688498793,2,           0,   -0.437413,   -0.037747,  -0.0160253,1886741860934
1864688498793,2,           0,    -0.47537,  -0.0354921,  -0.0152525,1886878257210
1864688498793,2,           0,   -0.506657,  -0.0347186,  -0.0169392,1886993378419
1864688498793,2,           0,   -0.541662,  -0.0336221,  -0.0205598,1887129240894
1864688498793,2,           0,   -0.575034,   -0.031405,  -0.0199279,1887267580217
1864688498793,2,           0,   -0.606747,  -0.0305099,  -0.0192229,1887402451599
1864688498793,2,           0,    -0.63663,  -0.0275029,  -0.0178953,1887539062976
1864688498793,2,           0,   -0.664653,  -0.0276955,  -0.0184675,1887676418378
1864688498793,2,           0,    -0.69074,  -0.0270074,  -0.0162299,1887814392181
1864688498793,2,           0,   -0.714789,  -0.0265218,  -0.0161205,1887950560726
1864688498793,2,           0,   -0.733705,    -0.02704,   -0.015238,1888066631468
1864688498793,2,           0,   -0.753516,  -0.0276447,  -0.0142922,1888205555386
1864688498793,2,           0,   -0.770488,   -0.028689,  -0.0172951,1888341145204
1864688498793,2,           0,   -0.784437,  -0.0324371,  -0.0141112,1888478300174
1864688498793,2,           0,   -0.793155,  -0.0291246, -0.00873368,1888595145788
1864688498793,2,           0,   -0.795826,  -0.0331032, -0.00794467,1888732019303
1864688498793,2,           0,   -0.772076,  -0.0383412,  -0.0115489,1888870051836
1864688498793,2,           0,   -0.736967,  -0.0405789,   -0.013411,1889011870236
1864688498793,2,           0,   -0.703178,  -0.0397375,  -0.0208492,1889143793643
1864688498793,2,           0,   -0.671842,  -0.0353364,  -0.0252335,1889282044168
1864688498793,2,           0,   -0.637375,   -0.026526,  -0.0173069,1889399445719
1864688498793,2,           0,   -0.595708,  -0.0225956,  -0.0171161,1889536057562
1864688498793,2,           0,   -0.541284,  -0.0179511,  -0.0215969,1889674503285
1864688498793,2,           0,   -0.490836, -0.00641374,  -0.0240428,1889812150852
1864688498793,2,           0,   -0.462028, -0.00113798,  -0.0191017,1889928780358
1864688498793,2,           0,   -0.404793, -0.00172623,  -0.0130329,1890067553812
1864688498793,2,           0,   -0.361689, -0.00213863, -0.00950404,1890207510924
1864688498793,2,           0,   -0.313826, -0.00800292, -0.00395098,1890343119048
1864688498793,2,           0,   -0.267487, -0.00893211,  0.00216093,1890479928764
1864688498793,2,           0,   -0.227924,  -0.0101092,  0.00422214,1890597985237
1864688498793,2,           0,   -0.186308,  -0.0119497,  0.00419119,1890735962432
1864688498793,2,           0,   -0.141492,  -0.0106721,  0.00488199,1890874498230
1864688498793,2,           0,  -0.0931229, -0.00891733,  0.00331635,1891012807212
1864688498793,2,           0,  -0.0602062, -0.00894208,  0.00313828,1891133326721
