104468100551662,2,           0,           0,     2.14237,     2.13765,104468394241423
104468100551662,2,           0,           0,     2.14237,     2.13765,104469157187670
104468100551662,2,           0,           0,     2.14237,     2.13765,104469839995254
104468100551662,2,           0,     0.10372,     2.14829,     2.13658,104470621157519
104468100551662,2,           0,     0.28104,     2.16167,     2.07998,104471411528464
104468100551662,2,           0,    0.410383,     2.29399,     1.93454,104472201652918
104468100551662,2,           0,    0.481872,     2.25953,     1.97057,104472932424464
104468100551662,2,           0,     0.44187,     2.53507,     1.66958,104473680408133
104468100551662,2,           0,    0.373059,     2.69724,     1.38199,104474372826340
104468100551662,2,           0,    0.327619,     2.75518,     1.19012,104475122462611
104468100551662,2,           0,    0.265058,       2.849,    0.958494,104475892301756
104468100551662,2,           0,    0.210229,     2.90522,    0.804574,104476715433919
104468100551662,2,           0,    0.146115,     2.96573,    0.606345,104477425665354
104468100551662,2,           0,   0.0936416,     2.97323,    0.505191,104478168883945
104468100551662,2,           0,   0.0502449,     2.98911,    0.442918,104478896406088
104468100551662,2,  0.00482512,  0.00171222,     2.99927,    0.381056,104479648134000
104468100551662,2,    0.191265,   0.0678713,     3.01551,    0.332153,104480437531735
104468100551662,2,    0.360708,    0.127999,     3.00471,    0.331396,104481200424124
104468100551662,2,    0.502402,     0.17828,     3.02432,    0.277925,104481889309606
104468100551662,2,    0.648712,    0.230199,     3.02191,     0.20974,104482653054278
104468100551662,2,    0.782847,    0.277798,     3.00829,    0.122021,104483422649391
104468100551662,2,    0.901831,    0.291632,       3.036,  -0.0192568,104484167203757
104468100551662,2,     1.00651,    0.197271,     3.01227,   -0.158516,104484891030452
104468100551662,2,     1.10737,    0.048947,     3.03459,   -0.300474,104485677460836
104468100551662,2,     1.18454,  -0.0349584,     3.00075,    -0.37224,104486387892708
104468100551662,2,     1.24363,   -0.106636,     2.97355,   -0.412478,104487191132039
104468100551662,2,     1.28419,   -0.143233,     3.00414,   -0.422714,104487957508885
104468100551662,2,     1.30483,    -0.14645,     2.98914,   -0.391138,104488645703353
104468100551662,2,      1.3051,   -0.137595,      2.9837,   -0.347366,104489316112270
104468100551662,2,     1.28653,   -0.131348,     2.99596,    -0.29883,104490021708531
104468100551662,2,     1.27067,   -0.104918,     2.99383,   -0.259636,104490750642633
104468100551662,2,     1.25457,  -0.0900013,     2.99742,   -0.207659,104491479507073
104468100551662,2,     1.23351,  -0.0811877,     2.99983,   -0.171296,104492167883003
104468100551662,2,      1.2135,   -0.049634,     3.01622,   -0.136294,104492938574598
104468100551662,2,     1.20141,  -0.0393234,     3.01866,   -0.109358,104494010642983
104468100551662,2,     1.18245,  -0.0390879,     3.00922,     -0.1049,104494835137583
104468100551662,2,     1.16285,  -0.0335471,     3.02125,  -0.0881269,104495752607988
104468100551662,2,     1.14767,  -0.0181481,     3.00365,  -0.0638174,104496417094470
104468100551662,2,      1.1296,  -0.0197824,     3.00769,  -0.0548552,104497180339946
104468100551662,2,     1.10174,   -0.018154,     3.02166,   -0.049031,104497902459056
104468100551662,2,     1.08101,   -0.015957,     3.00173,  -0.0421011,104498606295167
104468100551662,2,     1.06211,  -0.0128002,     3.00521,  -0.0352557,104499290056715
104468100551662,2,     1.03424,  -0.0107523,     2.99932,  -0.0297891,104500031533885
104468100551662,2,     1.01079, -0.00868088,     3.01645,  -0.0270879,104500714495820
104468100551662,2,    0.987281, -0.00771543,     3.03727,   -0.025793,104501395287867
104468100551662,2,    0.969756, -0.00320849,     3.01741,  -0.0152534,104502082705643
104468100551662,2,      0.9454, -0.00471216,     3.02521,  -0.0172932,104502769678857
104468100551662,2,    0.934678, -0.00412682,     3.01734,  -0.0145512,104503420621677
104468100551662,2,    0.906513, -0.00457226,      3.0278,  -0.0135655,104504045238622
104468100551662,2,    0.887484, -0.00504195,     3.01245,   -0.012139,104504692927588
104468100551662,2,    0.869261,  -0.0100378,     2.99939,  -0.0161134,104505354097652
104468100551662,2,    0.848917, -0.00265608,     3.02035, -0.00605583,104506057597097
104468100551662,2,     0.83395, -0.00323879,     3.00991, -0.00301101,104506722660043
104468100551662,2,    0.818179, -0.00127044,     3.00489,-0.000117344,104507347117058
104468100551662,2,    0.802814,  0.00035634,      3.0309, -0.00129103,104507954082955
104468100551662,2,    0.790558,  0.00359659,     2.93391,  0.00247481,104508617266272
104468100551662,2,    0.769574, 0.000357745,     2.75891, -0.00057495,104509281035653
104468100551662,2,    0.756844,   0.0023669,     2.66879,-0.000215651,104509944533841
104468100551662,2,     0.73614, -0.00297381,     2.45856,  -0.0039647,104510570643031
104468100551662,2,    0.726654, -0.00360937,     2.35577, -0.00228673,104511333696758
104468100551662,2,    0.716847,  0.00179056,     2.25012, 0.000781539,104511960767944
104468100551662,2,    0.709146,  0.00280164,     2.16658,  0.00228328,104512663689359
104468100551662,2,    0.690787, 0.000811608,     2.00822, -0.00085689,104513348884516
104468100551662,2,    0.681278,  0.00382021,     1.91148,  0.00234649,104513933854885
104468100551662,2,    0.669124, 0.000457135,     1.76972, -0.00269329,104514617896453
104468100551662,2,    0.663068, 7.75997e-05,     1.67257, -0.00196417,104515365795277
104468100551662,2,    0.655321, -0.00199476,     1.57384, -0.00220413,104516013104480
104468100551662,2,    0.639992, -0.00183094,     1.45081, -0.00201173,104516660480090
104468100551662,2,    0.635737, -0.00513082,     1.33796, -0.00349108,104517344852384
104468100551662,2,    0.626926,  0.00231797,     1.23773,  0.00196161,104517994546095
104468100551662,2,    0.617628,   0.0038733,     1.09383,  0.00303568,104518717747071
104468100551662,2,    0.614752,  0.00693127,       1.025,   0.0047722,104519361428649
104468100551662,2,    0.610375,  0.00543624,    0.915436,  0.00481335,104519987498580
104468100551662,2,    0.634367,  0.00331818,    0.814124,   0.0021759,104520698244208
104468100551662,2,    0.681833,  0.00648909,    0.719768,  0.00196135,104521534160916
104468100551662,2,    0.711716,   0.0083674,    0.614169,  0.00240891,104522168177577
104468100551662,2,    0.739504,   0.0134079,    0.501832,   0.0036291,104522799832213
104468100551662,2,    0.733828,   0.0150407,    0.384082,  0.00479622,104523544249261
104468100551662,2,    0.708874,   0.0138142,    0.267769,  0.00365071,104524245584631
104468100551662,2,    0.676168,   0.0113597,     0.13857,   0.0033577,104524948133963
104468100551662,2,    0.657954,  0.00724362,   0.0208452,  0.00152961,104525593003548
104468100551662,2,    0.632041,  0.00439794,     3.00007,  -0.0112948,104526241028579
104468100551662,2,    0.601831,   0.0064435,     3.03948,  -0.0236257,104526968091737
104468100551662,2,    0.586091,  0.00669269,     3.00985,  -0.0198181,104527617998630
104468100551662,2,    0.562725,  0.00274868,     3.03653,  -0.0254413,104528313691324
104468100551662,2,    0.547601, -0.00257197,     3.00806,  -0.0281001,104529003733824
104468100551662,2,    0.539503,  -0.0196593,     3.01609,  -0.0291087,104529658029917
104468100551662,2,    0.534381,  -0.0456296,       3.034,   -0.020789,104530331734115
104468100551662,2,    0.527009,  -0.0859999,     3.01196,  0.00885837,104530963908173
104468100551662,2,    0.483818,  -0.0595782,     2.99984,   0.0437878,104531655223180
104468100551662,2,    0.451442,   -0.108757,     2.99499,   0.0890483,104532338702790
104468100551662,2,    0.403733,   -0.116889,     2.99797,     0.14005,104532988391080
104468100551662,2,    0.375633,   -0.152631,     3.00695,    0.237767,104533655846250
104468100551662,2,    0.355528,   -0.143347,     3.00405,    0.328823,104534337184813
104468100551662,2,        0.32,   -0.127474,     2.98154,    0.419163,104534982185028
104468100551662,2,    0.304631,   -0.105799,     2.97227,    0.500022,104535653415953
104468100551662,2,    0.270185,  -0.0757747,     2.95567,    0.604912,104536411915347
104468100551662,2,    0.231948,  -0.0624941,     2.95301,     0.66034,104537122773222
104468100551662,2,         0.2,  -0.0585167,     2.93793,    0.731807,104537770474691
104468100551662,2,         0.2,    -0.05383,     2.93637,    0.753284,104538470954938
104468100551662,2,         0.2,  -0.0466879,     2.90695,    0.791939,104539151446076
104468100551662,2,         0.2,   -0.041502,     2.89408,    0.831228,104539815844067
104468100551662,2,         0.2,  -0.0330948,     2.89097,    0.854527,104540478693520
104468100551662,2,         0.2,  -0.0284356,      2.9037,    0.892651,104541200341056
104468100551662,2,         0.2,  -0.0236239,     2.88034,    0.905378,104541923859516
104468100551662,2,         0.2,  -0.0178751,     2.86838,    0.933706,104542583630631
104468100551662,2,         0.2,  -0.0173869,     2.84781,     0.93691,104543301039088
104468100551662,2,         0.2,  -0.0162865,     2.85864,    0.966298,104544006255182
104468100551662,2,         0.2,  -0.0215923,     2.84615,    0.981485,104544770571385
104468100551662,2,         0.2,  -0.0263239,     2.85184,       1.002,104545508533626
104468100551662,2,         0.2,  -0.0340189,     2.83692,     1.01737,104546154071361
104468100551662,2,         0.2,  -0.0398489,     2.82414,     1.03456,104546835104665
104468100551662,2,         0.2,  -0.0440285,     2.80934,     1.05743,104547534161911
104468100551662,2,    0.222472,  -0.0568354,     2.82943,     1.09711,104548282522680
104468100551662,2,    0.303381,   -0.060561,     2.80483,     1.12973,104548970448137
104468100551662,2,    0.373979,  -0.0669061,     2.78623,     1.14573,104549661278722
104468100551662,2,    0.433947,  -0.0769464,     2.77106,     1.21021,104550340056847
104468100551662,2,    0.486392,  -0.0821555,     2.76598,     1.23035,104551081137178
104468100551662,2,    0.524096,  -0.0733482,       2.752,     1.28496,104551791779907
104468100551662,2,    0.550147,  -0.0679948,     2.68585,     1.36066,104552592998440
104468100551662,2,    0.550037,  -0.0597367,     2.68351,     1.43183,104553355492050
104468100551662,2,    0.541437,  -0.0539012,     2.66633,     1.48862,104554119616617
104468100551662,2,    0.524656,  -0.0482151,     2.59745,     1.54917,104554829554568
104468100551662,2,    0.498073,  -0.0383512,     2.61005,     1.59706,104555621075880
104468100551662,2,    0.479661,  -0.0311307,     2.56749,     1.64514,104556508141248
104468100551662,2,    0.468093,  -0.0284475,      2.5556,     1.68278,104557336213819
104468100551662,2,    0.448362, -0.00911996,     2.52538,     1.71892,104558281376852
104468100551662,2,    0.422434,  0.00241684,     2.52495,     1.76291,104559051900907
104468100551662,2,    0.410397,   0.0300614,     2.50798,     1.78076,104559844660359
104468100551662,2,    0.383356,   0.0584895,      2.5255,     1.79788,104560573523073
104468100551662,2,    0.363929,    0.103724,     2.51404,     1.77846,104561381677136
104468100551662,2,    0.350389,    0.125053,     2.53162,     1.75225,104562112789889
104468100551662,2,    0.352014,    0.169058,     2.55702,     1.74641,104562939926418
104468100551662,2,     0.34863,    0.171072,     2.61316,     1.66375,104563667991032
104468100551662,2,    0.353247,    0.166925,      2.6445,     1.62092,104564435632081
104468100551662,2,    0.358922,    0.163573,     2.65771,     1.58526,104565241761957
104468100551662,2,    0.365889,    0.151399,     2.74016,     1.47645,104566010879377
104468100551662,2,    0.369139,    0.153503,     2.75906,     1.46918,104566844621719
104468100551662,2,    0.358307,      0.1294,     2.79744,     1.36599,104567589499488
104468100551662,2,    0.389193,    0.136452,     2.81667,     1.31259,104568375813632
104468100551662,2,    0.406866,     0.14576,     2.84613,     1.28105,104569164206925
104468100551662,2,    0.434102,    0.143538,     2.88625,     1.21515,104569917522784
104468100551662,2,    0.442275,    0.124987,     2.91368,     1.13844,104570688687725
104468100551662,2,    0.436027,    0.113343,     2.91313,     1.08061,104571438812314
104468100551662,2,    0.430642,      0.1013,     2.94791,     1.04199,104572246509445
104468100551662,2,    0.423989,    0.100338,     2.97712,    0.980281,104573060467965
104468100551662,2,    0.416995,    0.106647,     2.98637,    0.922784,104573845306048
104468100551662,2,    0.414129,     0.11475,     3.00237,    0.873299,104574574924626
104468100551662,2,    0.410102,    0.120735,     3.01765,    0.814471,104575342448058
104468100551662,2,     0.44889,    0.198232,     3.04078,    0.725745,104576093708508
104468100551662,2,    0.510392,    0.183762,     3.06522,    0.659921,104576849220709
104468100551662,2,    0.575591,     0.16983,     3.07303,     0.56424,104577594935713
104468100551662,2,    0.644478,    0.134694,     3.08927,    0.454808,104578304638411
104468100551662,2,    0.739432,     0.11842,     3.08809,     0.33013,104579074635641
104468100551662,2,    0.814368,   0.0999708,     3.10918,    0.282481,104579783336818
104468100551662,2,    0.880753,   0.0704091,     3.09626,    0.206759,104580532938554
104468100551662,2,     0.94013,   0.0464827,     3.11141,    0.124423,104581419151426
104468100551662,2,     0.97283,    0.028126,     3.09855,   0.0814914,104582225672912
104468100551662,2,    0.971657,   0.0129201,     3.10482,   0.0492032,104582956202771
104468100551662,2,    0.943906,  0.00244457,     3.09054,  0.00937632,104583667971586
104468100551662,2,    0.915931,  -0.0085201,     3.08644,  -0.0389715,104584399932951
104468100551662,2,    0.891027,  -0.0126489,     2.96915,  -0.0425289,104585221895758
104468100551662,2,    0.864272,  -0.0121107,      2.8289,  -0.0364776,104585976282957
104468100551662,2,    0.835373,  -0.0072509,     2.67111,  -0.0305965,104586907110483
104468100551662,2,    0.817244, -0.00521613,     2.58745,   -0.027685,104587658952070
104468100551662,2,    0.791694, -0.00508796,     2.45104,  -0.0210832,104588431359506
104468100551662,2,    0.755069, -0.00164699,     2.22348,  -0.0170381,104589203784238
104468100551662,2,    0.738193, -0.00350634,      2.1393,  -0.0167411,104589974556781
104468100551662,2,    0.701733, -0.00681537,     1.96434,  -0.0148007,104590783874152
104468100551662,2,    0.683642,  -0.0123025,     1.88579,  -0.0179572,104591536600438
104468100551662,2,    0.658961,  -0.0130876,     1.77088,  -0.0151537,104592307467306
104468100551662,2,    0.630816,  -0.0108482,     1.64996,  -0.0102372,104593097997241
104468100551662,2,    0.609174, -0.00721025,     1.59557, -0.00942332,104593908767830
104468100551662,2,      0.5808, -0.00367046,     1.44795, -0.00459429,104594760610438
104468100551662,2,    0.556564, -0.00427029,     1.38658,  -0.0046473,104595574374729
104468100551662,2,    0.534107, -0.00177857,     1.27365, -0.00305461,104596364890448
104468100551662,2,    0.500943, -0.00250947,     1.15559, -0.00348415,104597037523626
104468100551662,2,    0.488866, -0.00261491,     1.11386, -0.00272077,104597746558363
104468100551662,2,    0.454894, -0.00474021,      1.0306, -0.00452477,104598537761158
104468100551662,2,    0.427541, -0.00193628,    0.908592, -0.00425374,104599290502029
104468100551662,2,    0.408099,  -0.0051897,    0.847021, -0.00642909,104599963069950
104468100551662,2,    0.394032, -0.00233648,    0.805208, -0.00497795,104600732869198
104468100551662,2,    0.372456,-0.000474657,    0.737843, -0.00436008,104601484720904
104468100551662,2,    0.340731,-9.03797e-05,    0.643473, -0.00492482,104602197023627
104468100551662,2,    0.324084, 0.000478805,     0.61145, -0.00520907,104602951143240
104468100551662,2,    0.300474,  0.00101136,      0.5318, -0.00537211,104603658895897
104468100551662,2,     0.28118, -0.00448938,    0.502278, -0.00711277,104604406463067
104468100551662,2,    0.266476, -0.00418135,    0.451953, -0.00672599,104605133149948
104468100551662,2,     0.24413, -0.00222489,    0.387515, -0.00672711,104605902173052
104468100551662,2,    0.230387,  -0.0013935,    0.361336, -0.00717688,104606671460690
104468100551662,2,    0.208817,-0.000587455,    0.306013, -0.00786184,104607478727156
104468100551662,2,    0.197705,-0.000370519,    0.282928, -0.00767665,104608260239788
104468100551662,2,    0.175484,  0.00165466,     0.23518, -0.00734195,104609010037108
104468100551662,2,    0.155198,  0.00283275,    0.204177, -0.00852219,104609793500667
104468100551662,2,    0.144988, 0.000765548,    0.175797, -0.00902147,104610466061525
104468100551662,2,    0.132046,   0.0022122,    0.160544, -0.00888728,104611229005527
104468100551662,2,    0.113023,  0.00428476,    0.124396, -0.00748712,104611981980982
104468100551662,2,   0.0929415,   0.0013522,     0.09784, -0.00824971,104612721685784
104468100551662,2,   0.0847034,  0.00327175,   0.0856338, -0.00873845,104613541789188
104468100551662,2,   0.0712906, 0.000574828,    0.071222, -0.00976689,104614349182335
104468100551662,2,     0.06368,  0.00140115,   0.0577855,  -0.0108949,104615159283568
104468100551662,2,   0.0516172,  0.00185832,   0.0463911,   -0.009795,104615908534442
104468100551662,2,   0.0430318, 0.000469988,   0.0337613,  -0.0100891,104616716226503
104468100551662,2,   0.0406753, 0.000484697,   0.0314621,  -0.0115087,104617420992447
104468100551662,2,   0.0321527, 0.000113762,   0.0234337, -0.00905655,104618146766023
104468100551662,2,   0.0220719, 2.62874e-06,   0.0154085,  -0.0102913,104619106453812
104468100551662,2,   0.0160894,  9.8756e-05,   0.0114036, -0.00992752,104619853051030
104468100551662,2,  0.00797076, 2.80241e-05,  0.00719796, -0.00848078,104620680047353
104468100551662,2,  0.00169013, 7.00816e-06,  0.00567182, -0.00946973,104621449228809
104468100551662,2,  0.00126926,-3.05877e-06,  0.00550425, -0.00773813,104622096313439
104468100551662,2,           0,  -0.0769817,  0.00389113, -0.00884402,104622954022543
104468100551662,2,           0,   -0.166716,  0.00540925, -0.00830198,104623747173029
104468100551662,2,           0,   -0.195862,  0.00673006, -0.00455607,104624436060360
104468100551662,2,           0,   -0.180031,  0.00941135, -0.00311216,104625226074666
104468100551662,2,           0,   -0.138159,   0.0124531,-0.000140392,104626026827125
104468100551662,2,           0,   -0.100456,   0.0160597,  0.00138339,104626837594739
104468100551662,2,           0,  -0.0629861,   0.0170283,  0.00386465,104627509180541
104468100551662,2,           0,   -0.019328,   0.0189809,  0.00314869,104628294557668
104628745527043,2,           0,           0,    -3.03561,   0.0674413,104629037795758
104628745527043,2,           0,           0,    -3.03561,   0.0674414,104629798318836
104628745527043,2,           0,           0,    -3.03561,   0.0674414,104630560842926
104628745527043,2,           0,    0.111137,    -3.03438,   0.0888313,104631395808476
104628745527043,2,           0,   -0.211214,    -3.03524,   0.0228572,104632187990491
104628745527043,2,           0,   -0.488324,    -3.03217,    -0.14106,104632977997972
104628745527043,2,           0,   -0.693851,    -3.03257,  -0.0976567,104633666322249
104628745527043,2,           0,    -0.88102,    -2.99744,   -0.441995,104634429170969
104628745527043,2,           0,    -1.01744,    -2.95993,   -0.635581,104635181053434
104628745527043,2,           0,    -1.11235,    -2.74687,    -1.26229,104636006423647
104628745527043,2,           0,    -1.12306,    -2.52033,    -1.65338,104636749869352
104628745527043,2,           0,    -1.07706,    -2.00871,    -2.23525,104637449092781
104628745527043,2,           0,    -1.02799,    -1.43498,      -2.658,104638151469667
104628745527043,2,           0,   -0.994861,    -1.09627,    -2.81121,104638893683683
104628745527043,2,           0,   -0.936175,   -0.347556,    -2.98916,104639538561385
104628745527043,2,           0,   -0.885062,    0.198287,    -2.99877,104640263997974
104628745527043,2,           0,   -0.837383,    0.561847,    -2.95152,104641061791837
104628745527043,2,           0,   -0.774902,     1.12116,    -2.78891,104641799370759
104628745527043,2,           0,   -0.722599,     1.52875,    -2.59253,104642487815554
104628745527043,2,           0,     -0.6549,     1.81734,    -2.40116,104643243668880
104628745527043,2,           0,    -0.63268,     2.08031,    -2.18383,104643904988824
104628745527043,2,           0,   -0.527005,     2.49535,    -1.69833,104644648866805
104628745527043,2,           0,   -0.519269,     2.68374,    -1.36876,104645449875837
104628745527043,2,           0,   -0.584467,     2.79771,    -1.12494,104646165544509
104628745527043,2,           0,   -0.529793,     2.92552,   -0.746863,104646962974933
104628745527043,2,           0,   -0.544055,     2.99418,   -0.470168,104647715373266
104628745527043,2,           0,    -0.58479,     3.00662,   0.0185465,104648476054850
104628745527043,2,           0,   -0.516144,     2.98665,    0.374977,104649201275314
104628745527043,2,           0,   -0.453984,     2.91643,    0.741013,104649925606265
104628745527043,2,           0,   -0.394558,     2.82168,     1.03709,104650708043619
104628745527043,2,           0,   -0.320419,     2.68885,     1.35104,104651403802368
104628745527043,2,           0,   -0.272941,     2.60037,     1.52174,104652142730670
104628745527043,2,           0,   -0.199769,     2.46427,     1.74421,104652939308280
104628745527043,2,           0,   -0.147133,     2.38102,     1.86203,104653680420301
104628745527043,2,           0,  -0.0990944,     2.32143,     1.94985,104654439151179
104628745527043,2,           0,    -0.04253,     2.26498,     2.02853,104655129297488
104628745527043,2,           0,  0.00186608,     2.24457,     2.06101,104655963895956
104628745527043,2,           0,  0.00186608,     2.24475,      2.0749,104656704322998
104628745527043,2,           0,           0,      2.2443,     2.07923,104657466935348
104628745527043,2,           0,           0,      2.2443,     2.07923,104658267907656
104628745527043,2,           0,           0,      2.2443,     2.07923,104659046078662
104628745527043,2,           0,           0,      2.2443,     2.07923,104659805694219
104628745527043,2,           0,           0,      2.2443,     2.07923,104660603228154
104628745527043,2,           0,           0,      2.2443,     2.07923,104661247647639
104628745527043,2,           0,           0,      2.2443,     2.07923,104662048087469
104628745527043,2,           0,           0,      2.2443,     2.07923,104662841937675
104628745527043,2,           0,           0,      2.2443,     2.07923,104663505657024
104628745527043,2,           0,           0,      2.2443,     2.07923,104664277391899
104628745527043,2,           0,           0,      2.2443,     2.07923,104665018723671
104628745527043,2,           0,           0,      2.2443,     2.07923,104665725894584
104628745527043,2,           0,           0,      2.2443,     2.07923,104666463218192
104628745527043,2,           0,           0,      2.2443,     2.07923,104667284469551
104628745527043,2,           0,   0.0056424,      2.2443,     2.07923,104668121096589
104628745527043,2,           0,    0.212254,     2.29374,     2.03235,104668918841766
104628745527043,2,           0,    0.356718,      2.3034,     2.02413,104669637386143
104628745527043,2,           0,    0.470703,     2.28299,     2.04899,104670440038217
104628745527043,2,           0,    0.506138,      2.4589,     1.83618,104671242868116
104628745527043,2,           0,     0.47418,      2.6022,     1.62392,104671968607518
104628745527043,2,           0,    0.433027,     2.69192,     1.46868,104672668311573
104628745527043,2,           0,    0.347261,     2.88785,     1.04726,104673425679301
104628745527043,2,           0,     0.28536,     2.96866,    0.792943,104674167998752
104628745527043,2,           0,    0.224976,     3.03249,    0.555717,104674938249049
104628745527043,2,           0,    0.153076,     3.07458,    0.315642,104675542782914
104628745527043,2,           0,   0.0576818,     3.09511,    0.104328,104676260262670
104628745527043,2,           0,           0,      3.0982,  0.00753589,104676983324083
104628745527043,2,    0.116431,  -0.0413163,     3.11128,  -0.0413309,104677732408443
104628745527043,2,    0.239615,  -0.0850288,     3.10091,  -0.0323313,104678472407361
104628745527043,2,    0.348443,   -0.123647,     3.10835,  -0.0375709,104679189312238
104628745527043,2,    0.446129,   -0.131877,     3.04134,   0.0472499,104679910075872
104628745527043,2,    0.545474,  -0.0687833,     3.02422,   0.0875108,104680747257814
104628745527043,2,    0.644223,  -0.0290531,     3.00835,    0.136178,104681762677215
104628745527043,2,    0.719997, -0.00414685,     3.01655,    0.166674,104682792120937
104628745527043,2,    0.749998,-0.000783048,     3.00819,    0.171059,104683450638413
104628745527043,2,    0.753792,   0.0126452,      3.0082,    0.179741,104684192997538
104628745527043,2,    0.722082,     0.02431,     3.00726,    0.184422,104684968011316
104628745527043,2,    0.696062,   0.0295525,     3.00644,    0.177834,104685747712225
104628745527043,2,     0.68301,   0.0330707,     2.99549,    0.174631,104686584649364
104628745527043,2,    0.651999,   0.0319625,      3.0161,    0.160172,104687365815379
104628745527043,2,    0.628333,   0.0329688,     3.01024,    0.160349,104688186178916
104628745527043,2,    0.610412,   0.0359437,     3.00511,     0.14778,104688967590306
104628745527043,2,    0.579787,   0.0353854,     3.00098,     0.14109,104689712126305
104628745527043,2,    0.552195,   0.0255896,     2.99703,     0.13185,104690460566901
104628745527043,2,    0.530857,  0.00852093,     3.00495,    0.115598,104691069106833
104628745527043,2,    0.512707,     0.01895,     3.00762,    0.107343,104691816504694
104628745527043,2,    0.531821,   0.0830925,     3.02179,   0.0922977,104692530534939
104628745527043,2,    0.563958,    0.155697,      3.0181,   0.0627898,104693296410118
104628745527043,2,    0.588242,    0.187459,     3.01243,  0.00395921,104693965410607
104628745527043,2,    0.602094,    0.228028,     3.01676,   -0.111814,104694651187020
104628745527043,2,      0.6035,    0.231332,     3.01086,   -0.222913,104695314617265
104628745527043,2,    0.602095,    0.234951,      2.9836,   -0.353767,104696055470939
104628745527043,2,    0.601341,    0.224596,     2.97949,   -0.483209,104696812162996
104628745527043,2,    0.521337,    0.179606,     2.94854,   -0.611625,104697594682046
104628745527043,2,    0.521337,     0.15544,     2.92823,   -0.726419,104698319008406
104628745527043,2,    0.521337,    0.131673,      2.8912,   -0.829423,104698999154797
104628745527043,2,    0.564446,    0.104014,     2.87483,   -0.926375,104699699633676
104628745527043,2,    0.615889,   0.0969778,     2.83644,    -1.02276,104700538456951
104628745527043,2,    0.648339,   0.0902889,     2.82563,     -1.0887,104701374924575
104628745527043,2,    0.647825,   0.0798263,     2.77687,    -1.15933,104702081830140
104628745527043,2,    0.636859,   0.0744639,      2.7791,    -1.20849,104702893034189
104628745527043,2,     0.62407,   0.0636921,     2.71359,    -1.30579,104703683241984
104628745527043,2,    0.612903,   0.0583516,     2.70179,    -1.36432,104704415211776
104628745527043,2,    0.594956,   0.0457986,     2.67031,      -1.446,104705219548720
104628745527043,2,    0.568843,   0.0321788,     2.65346,    -1.49939,104706090271458
104628745527043,2,    0.563197,   0.0171035,     2.60583,    -1.53848,104706879637639
104628745527043,2,    0.551445,  0.00948059,     2.60492,    -1.59081,104707591620185
104628745527043,2,    0.540283,  0.00109165,     2.58467,    -1.62842,104708325481530
104628745527043,2,    0.528584, -0.00267386,     2.55464,    -1.65997,104709035401948
104628745527043,2,    0.520127,  -0.0051611,     2.54899,    -1.69312,104709808360862
104628745527043,2,    0.511451,  -0.0126521,     2.53836,    -1.72247,104710640237747
104628745527043,2,    0.505068,  -0.0302021,     2.55148,    -1.74416,104711449283204
104628745527043,2,    0.500805,  -0.0477737,     2.52532,    -1.75475,104712203801505
104628745527043,2,    0.492744,  -0.0646333,     2.53592,    -1.77411,104712936876884
104628745527043,2,    0.488447,  -0.0851894,     2.53468,    -1.76962,104713725036679
104628745527043,2,    0.484901,  -0.0721384,     2.55969,    -1.76622,104714458610761
104628745527043,2,    0.481088,  -0.0894541,     2.56906,    -1.74879,104715211298059
104628745527043,2,     0.48024,   -0.110679,     2.58183,    -1.73426,104715964695856
104628745527043,2,    0.479765,   -0.156091,     2.61823,    -1.71052,104716916303025
104628745527043,2,    0.480087,   -0.226952,     2.67596,    -1.64847,104717746859905
104628745527043,2,    0.480134,   -0.209058,     2.68575,      -1.605,104718617795642
104628745527043,2,    0.481399,   -0.287249,     2.72488,     -1.5193,104719375730683
104628745527043,2,    0.482656,    -0.28834,     2.80433,    -1.42644,104720203198952
104628745527043,2,    0.485017,   -0.304844,     2.89341,    -1.24316,104720896436434
104628745527043,2,    0.489613,   -0.310938,     2.94604,    -1.09833,104721724967343
104628745527043,2,    0.491643,   -0.279659,     2.99748,   -0.917343,104722517929236
104628745527043,2,    0.496747,   -0.238746,     3.06884,   -0.745356,104723308638234
104628745527043,2,    0.501533,   -0.175549,     3.08134,   -0.633241,104724045740251
104628745527043,2,    0.509025,   -0.145996,     3.10704,   -0.479179,104724850391350
104628745527043,2,    0.515429,   -0.112915,     3.11062,   -0.359689,104725622618721
104628745527043,2,    0.604739,   -0.101274,     3.15342,   -0.258416,104726413560886
104628745527043,2,    0.691539,  -0.0893809,     3.11061,   -0.191385,104727205939295
104628745527043,2,    0.757301,  -0.0755329,     3.13616,   -0.157204,104727917465572
104628745527043,2,    0.815476,  -0.0605543,     3.06987,  -0.0875045,104728727860232
104628745527043,2,     0.85039,  -0.0412976,     2.94454,  -0.0478042,104729420316411
104628745527043,2,    0.862455,  -0.0343196,     2.80261,  -0.0235419,104730168093184
104628745527043,2,    0.833423,  -0.0255351,     2.67678, -0.00700105,104730896602150
104628745527043,2,    0.812852,   -0.022531,     2.52534,  0.00380409,104731647365469
104628745527043,2,    0.787927,  -0.0151024,     2.39219,    0.011257,104732341921769
104628745527043,2,     0.76161, -0.00464615,     2.30759,   0.0194405,104733149042356
104628745527043,2,    0.734935,  0.00404355,     2.12364,   0.0222524,104733963795611
104628745527043,2,    0.709175,  0.00969373,     1.99934,   0.0221019,104734730268996
104628745527043,2,    0.683761,  0.00815258,     1.88208,   0.0171297,104735519009797
104628745527043,2,     0.65987,  0.00648818,     1.77531,   0.0131852,104736289623127
104628745527043,2,    0.631544,  0.00550121,     1.65323,  0.00998977,104737037054418
104628745527043,2,    0.595339,  0.00206185,     1.50484,  0.00437654,104737882676929
104628745527043,2,    0.576653,-0.000996561,     1.43158,-0.000748056,104738714248907
104628745527043,2,    0.547025, -0.00178005,     1.32241, -0.00206096,104739543384507
104628745527043,2,    0.516536, 0.000630193,     1.24868, -0.00152091,104740299123502
104628745527043,2,    0.498654,  0.00182817,     1.14867, -0.00195935,104741044286798
104628745527043,2,    0.474541, -0.00306041,     1.09712, -0.00429267,104741776875212
104628745527043,2,    0.454093,-0.000198023,     1.01545, -0.00533071,104742484988611
104628745527043,2,    0.424747,  0.00410073,    0.900388, -0.00422761,104743316246621
104628745527043,2,    0.399483,  0.00561264,    0.819984, -0.00442306,104744068374753
104628745527043,2,    0.377676,  0.00613439,    0.753141, -0.00689337,104744783149303
104628745527043,2,    0.354177,  0.00477128,    0.683568, -0.00772735,104745571971551
104628745527043,2,    0.334433,  0.00290903,    0.626579, -0.00928593,104746302762887
104628745527043,2,    0.314793,   0.0053608,     0.57169, -0.00924167,104747013114918
104628745527043,2,    0.286175,-0.000559615,    0.494548,  -0.0110622,104747822510656
104628745527043,2,    0.274619, -0.00409044,    0.464181,   -0.010701,104748532097824
104628745527043,2,    0.254368, -0.00046491,    0.413234, -0.00943637,104749325878495
104628745527043,2,    0.237459, 0.000696337,    0.372463, -0.00975697,104750092363220
104628745527043,2,    0.217263,  0.00155036,    0.325569, -0.00858363,104750874534936
104628745527043,2,    0.200187,  0.00352282,    0.287392, -0.00830462,104751615421111
104628745527043,2,    0.191357,  0.00232381,    0.268049,  -0.0107665,104752380132239
104628745527043,2,    0.166499,  0.00299076,    0.217576,  -0.0111526,104753121594453
104628745527043,2,    0.153573,  0.00190754,    0.191842,  -0.0117992,104753824717687
104628745527043,2,    0.135348,  0.00244494,    0.169417,  -0.0117265,104754607837566
104628745527043,2,    0.119801,  0.00227623,    0.134099,   -0.013142,104755347352822
104628745527043,2,    0.102112,  0.00302392,    0.111125,   -0.013486,104756110530991
104628745527043,2,   0.0906007,   0.0036366,   0.0943834,  -0.0142787,104756951988435
104628745527043,2,   0.0787493,  0.00183818,     0.07728,  -0.0161365,104757698204545
104628745527043,2,   0.0680496,  0.00207891,   0.0629658,  -0.0161126,104758562918536
104628745527043,2,   0.0596889,  0.00190263,   0.0524288,  -0.0164481,104759313821347
104628745527043,2,   0.0509819,  0.00275137,   0.0451815,  -0.0162682,104760083036326
104628745527043,2,   0.0404323,  0.00049743,   0.0312641,  -0.0170933,104760852783957
104628745527043,2,   0.0293599, 0.000304238,   0.0211458,  -0.0181981,104761597037641
104628745527043,2,   0.0190168,  0.00019939,    0.013289,   -0.016756,104762379310083
104628745527043,2,   0.0123302, 6.29775e-05,  0.00931991,  -0.0151231,104763145248116
104628745527043,2,  0.00210373,  4.7399e-07,  0.00540036,  -0.0151444,104763894775056
104628745527043,2,           0,   0.0951194,  0.00647869,  -0.0156555,104764674153634
104628745527043,2,           0,    0.194763,  0.00691065,  -0.0159791,104765345298736
104628745527043,2,           0,    0.267835,  0.00665062,   -0.017706,104766160132363
104628745527043,2,           0,    0.254672,  0.00479275,  -0.0203106,104767023948446
104628745527043,2,           0,    0.225949, 0.000733719,    -0.02125,104767797499892
104628745527043,2,           0,    0.191738, -0.00399754,  -0.0221489,104768566556604
104628745527043,2,           0,    0.151785, -0.00506297,  -0.0201197,104769297011638
104628745527043,2,           0,    0.113095,  -0.0121516,   -0.022077,104770046284415
104628745527043,2,           0,   0.0840941,  -0.0138963,  -0.0263543,104770909353969
104628745527043,2,           0,   0.0472495,  -0.0178254,  -0.0269449,104771678634514
104628745527043,2,           0,   0.0277111,   -0.021407,  -0.0263455,104772409125701
104773175433919,2,           0,           0,     2.99097,  -0.0726906,104773194856419
104773175433919,2,           0,           0,     2.99114,  -0.0741064,104773936349534
104773175433919,2,           0,           0,     2.99114,  -0.0741064,104774640408109
104773175433919,2,   0.0095987, -0.00118148,     2.99114,  -0.0741064,104775446265624
104773175433919,2,    0.176876,  -0.0577498,     3.02862,  -0.0780016,104776158183153
104773175433919,2,    0.358886,  -0.0614132,     3.01825,  -0.0726988,104776984100412
104773175433919,2,    0.511382,  -0.0539849,     3.01722,  -0.0612693,104777729339742
104773175433919,2,     0.64864,  -0.0310357,     3.01732,  -0.0306816,104778457813015
104773175433919,2,    0.778004,  -0.0243204,      3.0326,  -0.0209633,104779210498010
104773175433919,2,    0.889579,  -0.0140384,     3.01118, -0.00107225,104779921190759
104773175433919,2,    0.990385, -0.00767005,     3.00733,   0.0037523,104780633337690
104773175433919,2,     1.09186, 0.000191021,     3.01199,   0.0115892,104781437969862
104773175433919,2,     1.17705,  0.00740569,     3.00586,   0.0233826,104782228910543
104773175433919,2,     1.24342,-0.000473896,      2.9943,    0.013154,104782963819295
104773175433919,2,     1.30119,   0.0020243,     3.03043,   0.0117609,104783752693223
104773175433919,2,     1.34118,  0.00266716,     3.01435,   0.0113982,104784485487942
104773175433919,2,     1.36958,   0.0042676,     3.01799,   0.0192003,104785356730229
104773175433919,2,     1.36316,   0.0182285,     3.01674,   0.0243141,104786167210341
104773175433919,2,     1.34747,  0.00504181,     3.00276,   0.0147897,104786999225146
104773175433919,2,     1.34054, -0.00382548,     3.01132,   0.0111326,104787769363720
104773175433919,2,     1.32784,  -0.0067834,     3.01883,-0.000322248,104788604032630
104773175433919,2,     1.31109,-0.000244518,     3.01297,  0.00808076,104789296388897
104773175433919,2,     1.29961, -0.00404634,     2.99846,  0.00992825,104789908239731
104773175433919,2,     1.28167, -0.00312535,     3.01872,  0.00926174,104790682125541
104773175433919,2,     1.26283,   0.0012554,     3.00592,   0.0105102,104791572283607
104773175433919,2,     1.24932,   0.0071751,     3.02212,   0.0142448,104792358570610
104773175433919,2,     1.23493, -0.00425382,     2.99925,  0.00369358,104793030199384
104773175433919,2,     1.21268,  0.00627665,     3.00319,   0.0191048,104793762659791
104773175433919,2,     1.20486, 0.000552563,     3.00215,  0.00869404,104794509574495
104773175433919,2,      1.1835, -0.00141482,     3.01203,  0.00716097,104795159474914
104773175433919,2,     1.15451,  0.00453609,     3.01052,   0.0128602,104795951737244
104773175433919,2,     1.13907,  0.00122967,     3.01485,  0.00877268,104796692956882
104773175433919,2,     1.11911, 0.000796252,     3.01709,  0.00742455,104797424143281
104773175433919,2,     1.10026,  0.00271724,     3.01906,  0.00949115,104798150826017
104773175433919,2,     1.08047,  0.00205296,     3.00555,   0.0080719,104798838821030
104773175433919,2,     1.04938,  0.00359072,     3.01472,  0.00946304,104799588469664
104773175433919,2,     1.03575,  0.00812356,     3.03761,  0.00734781,104800257762601
104773175433919,2,     1.01527,  0.00396821,     3.03408,  0.00713634,104801047727097
104773175433919,2,    0.985087,  0.00481559,     3.02204,  0.00481116,104801776658357
104773175433919,2,    0.959547, 0.000966389,     2.99891,  -0.0025093,104802544947304
104773175433919,2,    0.933819, -0.00335468,     3.00452, -0.00245114,104803355043364
104773175433919,2,    0.911992,  0.00401237,     3.01345,  0.00774665,104804239431781
104773175433919,2,    0.892635,    0.014551,     3.00141,   0.0183434,104805225196426
104773175433919,2,     0.87501,  0.00627334,     2.94099,   0.0101581,104805993011366
104773175433919,2,    0.840969,  -0.0122881,     2.68153,  -0.0228636,104806781305384
104773175433919,2,    0.820339, -0.00448112,     2.51203, -0.00831654,104807531908853
104773175433919,2,    0.782472, -0.00599163,     2.43107,  -0.0091395,104808301064491
104773175433919,2,    0.755466, -0.00363664,     2.22553, -0.00622734,104809094175458
104773175433919,2,    0.735006,  0.00159314,     2.15643,  0.00254821,104809767974435
104773175433919,2,     0.71002, 0.000860063,     2.00315, 2.16408e-05,104810518196358
104773175433919,2,     0.67181,  0.00115994,     1.82815, 0.000624161,104811229642185
104773175433919,2,    0.650253,   -0.001778,     1.73347,  -0.0012362,104811959757974
104773175433919,2,    0.623266, -0.00472889,     1.63132, -0.00210546,104812673777696
104773175433919,2,    0.597352,  -0.0046674,     1.51323,  -0.0030431,104813382129686
104773175433919,2,    0.574086, -0.00172989,      1.4188,-0.000722412,104814072264504
104773175433919,2,    0.539624,  -0.0013468,     1.32078,-0.000749499,104814800118796
104773175433919,2,    0.514001, 0.000448524,     1.23378,-3.83441e-05,104815469993349
104773175433919,2,    0.491611, -0.00213507,     1.12072, -0.00154739,104816276990392
104773175433919,2,    0.468392, 0.000831674,     1.04987,-0.000213354,104816948176563
104773175433919,2,    0.443639,  0.00163207,    0.962697,-0.000555623,104817776324937
104773175433919,2,    0.419622,  0.00208985,    0.885341, -0.00136353,104818489028347
104773175433919,2,    0.395691,  0.00222835,    0.815047, -0.00115959,104819218277112
104773175433919,2,    0.377282,   0.0102269,    0.783088,  0.00134732,104820005666318
104773175433919,2,       0.357,-0.000997086,     0.69221, -0.00260665,104820736129534
104773175433919,2,    0.330035, -0.00256848,    0.620762, -0.00151184,104821504138726
104773175433919,2,    0.310377,   0.0009571,    0.566922, 3.95148e-05,104822271363082
104773175433919,2,    0.291278,  0.00109777,    0.516244,  0.00107001,104822962983574
104773175433919,2,    0.269295,   0.0011818,    0.459706, 0.000397223,104823644053567
104773175433919,2,    0.249502,  0.00223528,    0.430459, 0.000143001,104824411907460
104773175433919,2,     0.22999,-0.000104329,    0.363738,-0.000533275,104825213842090
104773175433919,2,    0.209342, -0.00196462,     0.32645,-7.43633e-05,104825911941596
104773175433919,2,    0.195255,-1.18578e-05,    0.287473, -0.00034571,104826671706026
104773175433919,2,    0.177328,  0.00150906,    0.251591,   0.0010491,104827494242235
104773175433919,2,    0.160679,  0.00290074,    0.223571,   0.0019127,104828174307210
104773175433919,2,     0.14973,  0.00275269,     0.19763,   0.0016774,104828899333195
104773175433919,2,    0.133739,  0.00102963,    0.170226, 0.000973066,104829690481186
104773175433919,2,    0.118027,  0.00014046,    0.137809, 0.000526956,104830394357830
104773175433919,2,    0.103042,-0.000374939,    0.107096,-0.000815822,104831123209858
104773175433919,2,   0.0898632, -0.00227706,   0.0950618,-0.000780219,104831929389689
104773175433919,2,   0.0765103,-4.11062e-05,   0.0831757, -0.00184628,104832755654169
104773175433919,2,   0.0664879, 7.53062e-05,   0.0608271, -0.00231255,104833509889582
104773175433919,2,   0.0558783,-3.63617e-05,   0.0508281, -0.00248763,104834276406819
104773175433919,2,   0.0503815, 0.000167784,   0.0416188, -0.00138123,104834997798709
104773175433919,2,   0.0361477,-6.63754e-05,   0.0270753, -0.00155192,104835834914559
104773175433919,2,   0.0277521, 0.000163061,   0.0209513, -0.00100649,104836616527386
104773175433919,2,   0.0166998, 4.27291e-05,   0.0117408,-0.000968429,104837414316508
104773175433919,2,  0.00877534, 4.11764e-06,  0.00754881,-0.000608802,104838133848341
104773175433919,2,           0,  -0.0282668,  0.00544934, 0.000304363,104838952545274
104773175433919,2,           0,  -0.0686572,   0.0047829, -0.00137836,104839741143145
104773175433919,2,           0,  -0.0696573,  0.00662802, 0.000474625,104840468024732
104773175433919,2,           0,  -0.0481368,  0.00698167,  0.00220864,104841208960604
104773175433919,2,           0,  -0.0330542,  0.00777781,  0.00356973,104841919308512
104773175433919,2,           0,  -0.0182538,  0.00928013,  0.00380687,104842697963558
104843480953787,2,           0,           0,     -3.0007,   -0.100244,104843480953810
104843480953787,2,           0,           0,     -3.0007,   -0.100276,104844242640437
104843480953787,2,           0,           0,     -3.0007,   -0.100276,104845005397883
104843480953787,2,           0,   -0.128147,    -2.99967,   -0.121717,104845791663253
104843480953787,2,           0,   -0.383335,     -2.9997,   -0.107943,104846482586665
104843480953787,2,           0,   -0.632281,    -2.99627,   -0.179491,104847271839937
104843480953787,2,           0,   -0.816887,    -2.94929,   -0.565286,104847986179111
104843480953787,2,           0,   -0.968906,    -2.92587,   -0.675724,104848733046500
104843480953787,2,           0,    -1.07541,    -2.81406,    -1.06031,104849476891705
104843480953787,2,           0,    -1.12352,     -2.6033,    -1.52604,104850166258714
104843480953787,2,           0,    -1.08777,    -2.12376,    -2.14814,104850855996655
104843480953787,2,           0,    -1.04778,    -1.65394,    -2.52626,104851606747854
104843480953787,2,           0,    -1.01528,    -1.25762,    -2.73684,104852358660305
104843480953787,2,           0,   -0.970414,   -0.709142,    -2.91258,104853088371578
104843480953787,2,           0,   -0.915725,   -0.179091,    -3.02689,104853818526823
104843480953787,2,           0,   -0.881702,    0.264909,    -3.01324,104854591829549
104843480953787,2,           0,   -0.810258,    0.890936,    -2.87233,104855358803622
104843480953787,2,           0,   -0.769906,      1.0722,    -2.80603,104856108401533
104843480953787,2,           0,   -0.702256,     1.64737,    -2.55083,104856914751915
104843480953787,2,           0,   -0.651953,     1.90515,    -2.35839,104857722882942
104843480953787,2,           0,   -0.592442,     2.09597,    -2.19131,104858471566977
104843480953787,2,           0,   -0.536292,     2.41669,    -1.83174,104859215909017
104843480953787,2,           0,   -0.502106,     2.50251,    -1.70691,104860040811733
104843480953787,2,           0,   -0.432416,     2.71652,    -1.32569,104860789238781
104843480953787,2,           0,   -0.388936,     2.80136,    -1.11334,104861600757149
104843480953787,2,           0,   -0.358417,     2.84143,   -0.999873,104862311844210
104843480953787,2,           0,   -0.312851,     2.90788,   -0.782628,104863043708213
104843480953787,2,           0,   -0.251314,     2.97146,   -0.494845,104863755874249
104843480953787,2,           0,   -0.208974,     2.99368,   -0.337249,104864525646310
104843480953787,2,           0,    -0.18171,     3.00105,   -0.242925,104865255758303
104843480953787,2,           0,   -0.143105,     3.01014,   -0.136007,104866127497291
104843480953787,2,           0,   -0.103012,     3.01078,  -0.0435532,104866978171791
104843480953787,2,           0,  -0.0631062,      3.0096,   0.0368771,104867940357572
104843480953787,2,           0,  -0.0410929,      3.0119,   0.0771648,104868689170102
104843480953787,2,           0,  -0.0337676,     3.01111,     0.09178,104869457496315
104843480953787,2,           0,  -0.0184536,     3.00369,    0.115376,104870269188968
104843480953787,2,           0, -0.00677844,     3.04101,    0.130088,104871035944691
104843480953787,2,   0.0809488,   0.0287252,     3.03533,    0.134313,104871726642081
104843480953787,2,    0.249132,   0.0884058,     3.01457,    0.119488,104872454963312
104843480953787,2,    0.418599,    0.148542,     3.03062,   0.0936852,104873244610326
104843480953787,2,    0.571496,    0.175199,     3.00721,    0.061103,104874010119921
104843480953787,2,    0.698338,    0.143814,     3.02324,  -0.0675463,104874698958415
104843480953787,2,    0.843897,    0.126859,     2.99656,  -0.0634166,104875563179722
104843480953787,2,    0.959948,   0.0438375,     3.01099,   -0.152853,104876327581897
104843480953787,2,     1.05629,  -0.0125969,     2.98905,   -0.201683,104877035191557
104843480953787,2,     1.14879,  -0.0486481,     3.01073,   -0.225929,104877798930388
104843480953787,2,     1.22706,  -0.0724623,     3.01637,   -0.232532,104878544384962
104843480953787,2,     1.28356,  -0.0825666,     3.00315,   -0.224292,104879370503006
104843480953787,2,     1.31521,  -0.0825913,      3.0128,    -0.19798,104880116150460
104843480953787,2,     1.32705,  -0.0716756,     2.99756,   -0.177322,104880963957594
104843480953787,2,     1.30896,   -0.068201,     3.01081,   -0.144764,104881673764961
104843480953787,2,      1.3001,  -0.0683865,      3.0098,   -0.132638,104882442549995
104843480953787,2,     1.28283,  -0.0604368,      2.9964,   -0.100288,104883130096325
104843480953787,2,     1.26255,  -0.0436593,     3.00597,  -0.0735684,104883976509027
104843480953787,2,     1.25228,  -0.0270587,     3.00854,  -0.0496969,104884766411436
104843480953787,2,     1.23368, -0.00737815,     3.00426,  -0.0276341,104885529726353
104843480953787,2,     1.21426, -0.00726072,     3.01939,   -0.021456,104886257157732
104843480953787,2,      1.1958, -0.00423359,      3.0048,  -0.0205501,104886963208138
104843480953787,2,      1.1784, 0.000896787,     3.02212,   -0.011541,104887709074936
104843480953787,2,     1.15854,-0.000325933,     3.02415,  -0.0132932,104888494685100
104843480953787,2,     1.13557,  0.00209523,     2.99961, -0.00977927,104889222486969
104843480953787,2,     1.12233, -0.00275133,     3.03032,  -0.0147282,104890049712212
104843480953787,2,     1.09173, -0.00621657,     3.02517,  -0.0169028,104890812439217
104843480953787,2,     1.07301, -0.00497593,     3.01856,  -0.0179398,104891577490795
104843480953787,2,     1.04686,-0.000968358,     3.02424,  -0.0127031,104892362200949
104843480953787,2,     1.02597,   0.0019169,     3.01539,  -0.0120239,104893122314336
104843480953787,2,      1.0031,  0.00096232,     3.02363,   -0.013363,104893866404740
104843480953787,2,    0.984408, 0.000427069,     3.01089,  -0.0108328,104894570131644
104843480953787,2,    0.957366, -0.00350422,     3.01715,  -0.0181463,104895332083994
104843480953787,2,    0.944647, -0.00028975,     3.00715,  -0.0124329,104896096522739
104843480953787,2,    0.927085, -0.00374912,     3.03196,  -0.0154609,104896802108396
104843480953787,2,    0.901312, -0.00464555,     3.00597,  -0.0176242,104897505803615
104843480953787,2,     0.88162, -0.00381722,     3.03607,  -0.0140303,104898290452306
104843480953787,2,    0.866285, -0.00184296,     3.02126,   -0.013703,104898980492320
104843480953787,2,    0.843205, -0.00259431,     3.02208, -0.00824169,104899740943091
104843480953787,2,    0.826885, 0.000600723,     3.00294, -0.00390701,104900561467110
104843480953787,2,    0.817558, 9.64771e-05,     3.04219, -0.00393379,104901228416889
104843480953787,2,    0.797452, -0.00200427,     2.97191, -0.00875027,104901908501088
104843480953787,2,    0.778461, -0.00165179,     2.81886, -0.00578583,104902654892417
104843480953787,2,    0.766044, -0.00308594,      2.7166,  -0.0055056,104903401185299
104843480953787,2,    0.750541,  0.00174043,     2.57777, -0.00156391,104904071251847
104843480953787,2,    0.742701,  0.00146601,     2.50906, -0.00213614,104904794356257
104843480953787,2,     0.72448,   -0.001213,     2.30218, -0.00504925,104905458928604
104843480953787,2,     0.71074, -0.00127155,     2.20883, -0.00323204,104906222529602
104843480953787,2,    0.701578, -0.00123722,     2.09272, -0.00400442,104907005551560
104843480953787,2,    0.694616, -0.00468623,     2.02725, -0.00651124,104907673723545
104843480953787,2,    0.680447, -0.00546852,     1.91018,  -0.0053641,104908438392782
104843480953787,2,     0.67222, -0.00723242,     1.79546, -0.00540558,104909220563769
104843480953787,2,    0.655829,  -0.0039161,     1.64109, -0.00318337,104909963432721
104843480953787,2,    0.647214,-0.000689104,     1.49196,-0.000293943,104910708831657
104843480953787,2,    0.637775, -0.00173476,     1.41114, 0.000216418,104911551139420
104843480953787,2,    0.630825,  0.00659734,     1.30978,   0.0049791,104912247300703
104843480953787,2,    0.621609,  0.00901575,     1.20122,  0.00677677,104913033860980
104843480953787,2,     0.61548,  0.00767187,      1.1056,  0.00576475,104913742072517
104843480953787,2,    0.615398,  0.00366709,     1.04505,  0.00290498,104914478812637
104843480953787,2,    0.606151,  0.00462296,    0.884184,   0.0045398,104915323953637
104843480953787,2,    0.632618,   0.0115161,    0.812442,   0.0079062,104915992328691
104843480953787,2,    0.680351,   0.0113525,      0.7089,  0.00582159,104916714371592
104843480953787,2,    0.708696,   0.0105743,    0.600471,  0.00434556,104917440133367
104843480953787,2,     0.73692,   0.0092237,    0.538501,  0.00134186,104918179231395
104843480953787,2,    0.734329,   0.0044384,    0.388796,  -0.0014259,104918863405094
104843480953787,2,    0.709509,  0.00590093,    0.254691, -0.00120123,104919599931797
104843480953787,2,    0.677055,   0.0067366,    0.121994,-0.000487536,104920317377461
104843480953787,2,    0.666785,  0.00558925,   0.0564581, -0.00110715,104921020291482
104843480953787,2,    0.637495,   0.0109696,     2.99755,  -0.0014966,104921849363903
104843480953787,2,    0.597636,   0.0119499,     3.02627, -0.00863043,104922565104269
104843480953787,2,     0.57289,  0.00737414,      2.9972,   -0.017559,104923328618352
104843480953787,2,     0.47389,  0.00604954,     3.03281,  -0.0232722,104924079403567
104843480953787,2,    0.467018,-0.000359791,     2.99467,  -0.0300905,104924902922625
104843480953787,2,    0.484867, -0.00414244,     3.01994,  -0.0316382,104925692074543
104843480953787,2,    0.485174,   -0.013725,     3.00531,  -0.0348487,104926467186547
104843480953787,2,    0.478727,  -0.0337417,     3.00578,  -0.0292103,104927214744064
104843480953787,2,    0.479748,  -0.0964853,     2.99317, -0.00201644,104928159394385
104843480953787,2,    0.506559,   -0.219445,     2.99464,   0.0556069,104928911409036
104843480953787,2,    0.443396,   -0.165866,     3.00738,    0.127476,104929679713540
104843480953787,2,     0.43382,   -0.228028,     3.02121,    0.101037,104930372289514
104843480953787,2,     0.43382,   -0.211299,     3.00446,     0.26501,104931016394522
104843480953787,2,     0.43382,   -0.182551,     2.98814,    0.486034,104931649348758
104843480953787,2,    0.470256,    -0.15957,     2.96506,    0.559871,104932266595795
104843480953787,2,    0.512404,     -0.1029,     2.93902,    0.692174,104933016018973
104843480953787,2,    0.559717,  -0.0890851,     2.90795,    0.777481,104933701828236
104843480953787,2,    0.611338,   -0.090642,     2.89403,    0.827257,104934447737312
104843480953787,2,     0.64821,  -0.0948155,     2.87603,     0.89222,104935173791326
104843480953787,2,    0.668508,  -0.0986434,     2.85477,    0.982457,104935825706621
104843480953787,2,    0.670429,  -0.0944145,     2.83113,     1.06337,104936532541595
104843480953787,2,    0.669496,  -0.0856991,     2.78578,     1.10648,104937282805506
104843480953787,2,    0.652423,  -0.0702013,     2.76603,     1.22278,104937990888565
104843480953787,2,    0.642475,  -0.0671972,     2.73514,     1.28492,104938662005146
104843480953787,2,    0.627152,  -0.0528091,     2.71954,     1.36366,104939447902352
104843480953787,2,    0.516152,  -0.0337474,     2.67025,     1.41688,104940183365102
104843480953787,2,    0.410132,  -0.0216044,     2.64916,     1.48089,104940967825459
104843480953787,2,     0.42102,   0.0141979,     2.62099,     1.51717,104941737374361
104843480953787,2,    0.395219,   0.0710904,     2.63864,     1.54384,104942491771574
104843480953787,2,    0.417435,    0.141196,     2.62503,     1.52899,104943217723299
104843480953787,2,    0.439966,    0.219796,     2.67656,     1.50613,104943942914805
104843480953787,2,    0.456596,    0.239171,     2.70315,     1.42051,104944709663148
104843480953787,2,    0.456252,    0.244297,     2.74938,     1.34856,104945495412154
104843480953787,2,    0.453298,    0.265132,     2.79014,     1.28799,104946223426444
104843480953787,2,    0.450132,    0.284476,     2.83956,     1.15688,104947050680753
104843480953787,2,    0.448146,    0.313585,     2.89474,     1.01429,104947740435389
104843480953787,2,    0.445749,    0.349211,     2.94361,    0.838568,104948430701014
104843480953787,2,    0.446797,    0.348481,     2.97725,    0.688566,104949116982889
104843480953787,2,    0.446167,    0.289261,     3.04711,    0.493935,104949749145228
104843480953787,2,     0.44589,    0.207399,      3.0653,    0.313476,104950494950780
104843480953787,2,    0.445608,    0.157719,     3.06181,    0.127015,104951262020539
104843480953787,2,    0.458161,    0.122051,     3.06771,   -0.114139,104951933336111
104843480953787,2,     0.47748,    0.102518,     3.06666,   -0.164754,104952680875387
104843480953787,2,    0.497036,   0.0696084,     3.06074,   -0.250271,104953390420587
104843480953787,2,    0.523352,   0.0326825,      3.0386,   -0.306271,104954156896989
104843480953787,2,    0.541126,   0.0145261,      3.0363,   -0.350833,104954865739623
104843480953787,2,    0.578364,   0.0017007,     3.04409,   -0.398498,104955555155218
104843480953787,2,    0.647244,  -0.0141815,     3.03084,    -0.44599,104956381548705
104843480953787,2,    0.720454,   0.0452878,     3.02898,   -0.387976,104957090722279
104843480953787,2,    0.811497,   0.0780443,     3.02316,   -0.376163,104957842960318
104843480953787,2,    0.889697, -0.00102396,      2.9985,   -0.500535,104958586863121
104843480953787,2,    0.951136,   -0.030275,     2.99523,    -0.59013,104959277361885
104843480953787,2,     1.00216,  -0.0594878,     2.96301,   -0.639652,104959986150228
104843480953787,2,      1.0391,  -0.0109655,     2.96203,   -0.600447,104960675299227
104843480953787,2,     1.05911,    0.170218,     2.99865,    -0.41517,104961446079531
104843480953787,2,  0.00789357,   0.0028624,     3.00378,   -0.429231,104962233706071
104843480953787,2,     0.01307,  0.00387362,     2.98087,   -0.551185,104962980306947
104843480953787,2,    0.146509,   0.0011755,     2.92654,   -0.793853,104963650330949
104843480953787,2,  0.00937107, -0.00326106,     2.86903,   -0.953982,104964320340017
104843480953787,2,   0.0093742, -0.00326106,     2.82489,    -1.08987,104965068622106
104843480953787,2,           0,           0,     2.77064,     -1.2019,104965857275943
104843480953787,2,           0, -0.00334348,     2.74369,    -1.23809,104966548300525
104843480953787,2,           0, -0.00334348,      2.7408,    -1.27125,104967319279494
104843480953787,2,           0,           0,     2.73862,    -1.29231,104968105582811
104843480953787,2,           0,           0,     2.73877,     -1.2943,104968799047120
104843480953787,2,           0,           0,     2.73877,     -1.2943,104969607520507
104843480953787,2,           0,           0,     2.73877,     -1.2943,104970361198835
104843480953787,2,           0,           0,     2.73877,     -1.2943,104971012477710
104843480953787,2,           0,           0,     2.73877,     -1.2943,104971803911639
104843480953787,2,           0,           0,     2.73877,     -1.2943,104972553474268
104843480953787,2,           0,           0,     2.73877,     -1.2943,104973267318402
104843480953787,2,           0,           0,     2.73877,     -1.2943,104974033328578
104843480953787,2,           0,           0,     2.73877,     -1.2943,104974804284231
104843480953787,2,           0,           0,     2.73877,     -1.2943,104975515244588
104843480953787,2,           0,           0,     2.73877,     -1.2943,104976186837862
104843480953787,2,           0,           0,     2.73877,     -1.2943,104977015256449
104843480953787,2,           0,           0,     2.73877,     -1.2943,104977686665365
104843480953787,2,           0,           0,     2.73877,     -1.2943,104978418589895
104843480953787,2,           0,           0,     2.73877,     -1.2943,104979108506653
104843480953787,2,           0,           0,     2.73877,     -1.2943,104979721288860
104843480953787,2,           0,           0,     2.73877,     -1.2943,104980474434906
104843480953787,2,           0,           0,     2.73877,     -1.2943,104981202709279
104843480953787,2,           0,           0,     2.73877,     -1.2943,104981914851491
104843480953787,2,           0,           0,     2.73877,     -1.2943,104982686615989
104843480953787,2,           0,           0,     2.73877,     -1.2943,104983496695263
104843480953787,2,           0,           0,     2.73877,     -1.2943,104984268530030
104843480953787,2,           0,           0,     2.73877,     -1.2943,104984979163631
104843480953787,2,           0,  -0.0496697,     2.72158,    -1.27983,104985790019348
104843480953787,2,           0,   -0.146726,     2.72392,    -1.28646,104986538901593
104843480953787,2,           0,   -0.197608,     2.73909,    -1.26333,104987288310588
104843480953787,2,           0,    -0.17695,     2.77937,    -1.17824,104988018856744
104843480953787,2,           0,   -0.140617,     2.82253,     -1.0841,104988770761793
104843480953787,2,           0,   -0.100857,      2.8319,    -1.00838,104989518072220
104843480953787,2,           0,  -0.0487102,     2.86648,   -0.920819,104990407181300
104843480953787,2,           0,  -0.0265516,     2.88213,   -0.887004,104991118536507
104843480953787,2,           0, -0.00250262,     2.89576,   -0.866655,104992026470635
104843480953787,2,   0.0524337,  -0.0182233,     2.90223,   -0.839184,104992655252715
104843480953787,2,     0.19426,  -0.0669262,     2.90271,   -0.802446,104993382762243
104843480953787,2,    0.321731,   -0.108809,      2.8985,   -0.810664,104994091696637
104843480953787,2,    0.441925,   -0.146073,     2.93083,   -0.753778,104994820553204
104843480953787,2,    0.559519,   -0.149038,     2.91322,   -0.757219,104995610037979
104843480953787,2,    0.651339,    -0.10915,      2.9396,   -0.699801,104996298972467
104843480953787,2,    0.734689,  -0.0812011,     2.92276,   -0.676509,104997008791925
104843480953787,2,    0.805941,  -0.0515686,     2.95037,   -0.662656,104997714478265
104843480953787,2,    0.869833,   0.0216617,     2.94139,   -0.610401,104998500320211
104843480953787,2,    0.914837,  0.00667791,     2.93176,    -0.69298,104999243740410
104843480953787,2,      0.9409,   0.0779327,      2.9432,   -0.672601,104999990293493
104843480953787,2,    0.937519,    0.141552,     2.93308,   -0.630876,105000656837399
104843480953787,2,    0.914028,    0.148721,     2.92122,   -0.641687,105001366973942
104843480953787,2,    0.898877,    0.139991,      2.9239,   -0.729649,105002094472101
104843480953787,2,    0.876334,    0.116104,     2.89377,   -0.826809,105002744702838
104843480953787,2,    0.857944,   0.0812632,      2.8673,   -0.892567,105003414055578
104843480953787,2,    0.839751,   0.0487227,     2.72902,   -0.943033,105004065551785
104843480953787,2,    0.817093,   0.0290056,     2.66433,   -0.966583,105004758964668
104843480953787,2,    0.794067,   0.0221503,      2.4818,    -0.99003,105005427023172
104843480953787,2,      0.7781,   0.0145192,     2.33276,    -1.00668,105006160824234
104843480953787,2,    0.740054,   0.0177146,     2.15193,    -1.01817,105006885920571
104843480953787,2,    0.716958,   0.0115817,     2.08023,    -1.02865,105007632504372
104843480953787,2,    0.696484,   0.0124234,     1.96302,    -1.03395,105008395805892
104843480953787,2,    0.668397,   0.0153426,     1.83326,    -1.04096,105009179569512
104843480953787,2,    0.640199,   0.0121876,     1.76332,    -1.04588,105009919150291
104843480953787,2,    0.600957,   0.0137276,      1.5888,    -1.05195,105010683632272
104843480953787,2,    0.577409,   0.0109847,     1.53894,    -1.05862,105011414067598
104843480953787,2,     0.54586,   0.0132372,      1.3932,    -1.06613,105012177217294
104843480953787,2,    0.519974,   0.0283911,     1.31619,    -1.07007,105012846435948
104843480953787,2,    0.479742,   0.0324346,      1.1895,    -1.07793,105013609171928
104843480953787,2,    0.451635,   0.0523724,     1.09854,    -1.08962,105014370450834
104843480953787,2,    0.427885,   0.0746114,     1.02257,    -1.09884,105015177982257
104843480953787,2,    0.397593,   0.0754022,    0.937886,    -1.10933,105016036388892
104843480953787,2,    0.365582,   0.0673102,    0.853541,    -1.12113,105016774355283
104843480953787,2,    0.345042,   0.0597137,     0.76782,    -1.13151,105017520863487
104843480953787,2,    0.326365,   0.0500672,     0.72697,    -1.13737,105018268923532
104843480953787,2,    0.298521,   0.0444465,    0.622407,    -1.14908,105019175409504
104843480953787,2,    0.278181,   0.0399888,    0.558833,    -1.15657,105020038089192
104843480953787,2,    0.252324,   0.0421225,    0.486505,    -1.16254,105020990117104
104843480953787,2,    0.231941,   0.0469993,    0.447405,    -1.16394,105021817235742
104843480953787,2,    0.217559,      0.0423,      0.4051,    -1.16755,105022644533393
104843480953787,2,      0.1973,    0.035158,    0.347292,    -1.17194,105023352019175
104843480953787,2,    0.181158,   0.0358893,    0.306834,    -1.17241,105023996961983
104843480953787,2,    0.167215,   0.0333674,     0.27191,    -1.17389,105024719373391
104843480953787,2,    0.152661,   0.0297008,    0.236366,    -1.17335,105025426254332
104843480953787,2,    0.139531,   0.0256414,    0.205733,    -1.17296,105026181948264
104843480953787,2,    0.122898,   0.0220314,    0.168285,     -1.1733,105026845863703
104843480953787,2,    0.108729,   0.0172735,    0.139608,    -1.17415,105027489488527
104843480953787,2,     0.09442,   0.0118576,    0.116191,     -1.1757,105028275006493
104843480953787,2,   0.0848073,   0.0117257,   0.0956065,    -1.17429,105029014629742
104843480953787,2,   0.0748398,  0.00756179,   0.0767953,    -1.17502,105029698217972
104843480953787,2,   0.0625521,  0.00717047,   0.0600401,    -1.17521,105030516384191
104843480953787,2,   0.0569259,  0.00597278,   0.0519594,    -1.17508,105031257829169
104843480953787,2,   0.0451807,  0.00534174,   0.0378546,    -1.17413,105031943826855
104843480953787,2,   0.0377422,  0.00362909,   0.0303973,    -1.17436,105032709128771
104843480953787,2,   0.0246136,   0.0023563,   0.0167147,    -1.17297,105033454698791
104843480953787,2,   0.0161741,  0.00144296,    0.011538,    -1.17354,105034198230020
104843480953787,2,   0.0167717,  0.00133659,     3.33174,   -0.624139,105034944502459
104843480953787,2,    0.165654, 0.000528332,      3.3211,   -0.629781,105035671541328
104843480953787,2,    0.321267,  0.00515453,     3.34436,   -0.632991,105036503721132
104843480953787,2,    0.440084,  0.00409018,     3.30889,   -0.629719,105037196268422
104843480953787,2,    0.548735,   0.0107909,      3.3139,   -0.634593,105037891249195
104843480953787,2,    0.644535,   0.0116556,     3.32165,   -0.654603,105038561831171
104843480953787,2,    0.746971,   0.0150568,     3.32847,    -0.66986,105039362449508
104843480953787,2,    0.828877,   0.0136516,      3.2855,   -0.690594,105040105509469
104843480953787,2,    0.893229,   0.0142878,     3.27132,   -0.711473,105040788454117
104843480953787,2,     0.94617,   0.0141798,     3.27564,   -0.730674,105041477090908
104843480953787,2,    0.983074,  0.00931086,     3.25756,   -0.756556,105042083204471
104843480953787,2,     1.01176,   0.0101824,     3.21067,   -0.782563,105042746425061
104843480953787,2,     1.02785,  0.00890752,     3.20872,   -0.798488,105043509051505
104843480953787,2,     1.01988,   0.0110843,     3.19589,    -0.82064,105044348911628
104843480953787,2,     1.00493,  0.00811127,     3.13934,   -0.854793,105045029785818
104843480953787,2,    0.996802,-0.000651653,     3.12083,   -0.871383,105045791476978
104843480953787,2,     0.97313, -0.00888985,     3.09419,   -0.885692,105046631075303
104843480953787,2,    0.950419,  -0.0137051,     3.07408,   -0.887659,105047415331667
104843480953787,2,       0.936,   -0.012207,     3.07487,    -0.87258,105048200985225
104843480953787,2,    0.914451,  -0.0172745,     3.03986,   -0.862109,105048949781570
104843480953787,2,    0.935382,  -0.0222435,      3.0113,   -0.835337,105049752020752
104843480953787,2,    0.950438,  -0.0165452,     3.01871,    -0.78634,105050463093547
104843480953787,2,    0.935897,  -0.0120568,     3.00355,   -0.744569,105051184765971
104843480953787,2,    0.915793, -0.00243401,     2.98516,   -0.725389,105051910617830
104843480953787,2,    0.840835,  0.00963401,     2.95642,   -0.632217,105052740444383
104843480953787,2,    0.803018,  0.00838787,     2.95666,   -0.605684,105053612065707
104843480953787,2,    0.770684,   0.0114582,     2.95559,   -0.542429,105054380509170
104843480953787,2,    0.733165,  -0.0275668,     2.94845,   -0.524053,105055170312670
104843480953787,2,    0.658948,   0.0489041,     2.89916,   -0.385797,105055997440110
104843480953787,2,    0.642007,   0.0854724,     2.88725,   -0.299271,105056688335163
104843480953787,2,    0.593887,    0.100827,     2.84889,   -0.274429,105057457450674
104843480953787,2,    0.566052,    0.108058,     2.84359,   -0.235213,105058209732585
104843480953787,2,    0.541721,    0.109067,     2.82319,   -0.207862,105058916352038
104843480953787,2,    0.517813,     0.11072,     2.81368,   -0.183828,105059764763159
104843480953787,2,    0.496732,    0.121296,     2.79095,   -0.174668,105060554524716
104843480953787,2,    0.470122,   0.0949131,     2.73406,   -0.189017,105061264044386
104843480953787,2,    0.460235,   0.0925678,      2.7449,   -0.151473,105061993485431
104843480953787,2,    0.462542,   0.0859432,     2.70799,   -0.163087,105062799828319
104843480953787,2,    0.447858,   0.0662659,     2.68567,   -0.147006,105063511969332
104843480953787,2,    0.456718,   0.0550864,     2.66556,   -0.136106,105064215850700
104843480953787,2,     0.48252,    0.043966,     2.64488,   -0.123542,105064983653561
104843480953787,2,    0.500475,   0.0410196,     2.65549,  -0.0887234,105065672453232
104843480953787,2,    0.522934,   0.0347002,     2.65238,  -0.0542462,105066435788924
104843480953787,2,     0.55528,    0.041143,     2.64715,  -0.0155125,105067214988755
104843480953787,2,    0.563767,   0.0553595,      2.6262,  0.00839339,105067857053643
104843480953787,2,    0.602697,   0.0660057,     2.61149,   0.0486691,105068580737425
104843480953787,2,    0.658405,   0.0835167,     2.52349,   0.0331964,105069322431267
104843480953787,2,    0.709502,   0.0780888,      2.4442,   0.0231181,105070042955414
104843480953787,2,    0.747159,   0.0613537,     2.32137, -0.00417033,105070809410594
104843480953787,2,    0.758241,   0.0433735,     2.24403,  -0.0182701,105071491679230
104843480953787,2,    0.738599,   0.0382687,     2.14585,  -0.0275869,105072141083164
104843480953787,2,    0.708328,    0.012424,     1.99831,  -0.0393493,105072966843266
104843480953787,2,    0.683761, -0.00208876,      1.8846,  -0.0439861,105073707304600
104843480953787,2,    0.650207,  -0.0108309,     1.72835,  -0.0420883,105074455071924
104843480953787,2,    0.630578,  -0.0247207,     1.65035,  -0.0447395,105075120445743
104843480953787,2,    0.608212,  -0.0262883,     1.55705,  -0.0404138,105075844775780
104843480953787,2,    0.578212,  -0.0252052,     1.43972,  -0.0288641,105076667305125
104843480953787,2,     0.55477,  -0.0344804,     1.35606,   -0.028107,105077412354652
104843480953787,2,     0.52522,  -0.0284462,     1.24309,  -0.0182802,105078216416823
104843480953787,2,    0.503796,  -0.0241325,     1.16767, -0.00984795,105078978194239
104843480953787,2,    0.478376,  -0.0162534,     1.11136, -0.00200829,105079743655643
104843480953787,2,    0.457101,  -0.0157164,     1.02766,  0.00263664,105080444380312
104843480953787,2,    0.424478,  -0.0138063,    0.924625,  0.00851788,105081203785395
104843480953787,2,    0.404575,  -0.0149885,     0.83953,   0.0123742,105082043795806
104843480953787,2,    0.378387,  -0.0147516,    0.771477,   0.0132553,105082844434014
104843480953787,2,    0.359996,  -0.0123969,    0.706446,   0.0161647,105083563109471
104843480953787,2,    0.337234,  -0.0174426,    0.641641,   0.0156909,105084377761572
104843480953787,2,    0.315033,  -0.0155414,    0.580066,   0.0169952,105085162863677
104843480953787,2,    0.293034,  -0.0132272,    0.521146,   0.0190422,105085981180223
104843480953787,2,    0.276117, -0.00324925,    0.477523,   0.0214157,105086642178551
104843480953787,2,    0.254077,  0.00283457,     0.42259,   0.0207372,105087346698408
104843480953787,2,    0.236368,  0.00306021,    0.379819,   0.0211242,105088084515271
104843480953787,2,    0.211673, -0.00290588,    0.321622,   0.0202223,105088826158649
104843480953787,2,    0.199027, -0.00306468,    0.295141,   0.0223718,105089547911147
104843480953787,2,    0.183997, -0.00498654,    0.261343,   0.0218961,105090311420744
104843480953787,2,    0.166419,  -0.0113931,    0.227097,   0.0188827,105091096779193
104843480953787,2,     0.15003,  -0.0111744,    0.193998,   0.0195028,105091824486920
104843480953787,2,    0.135017,  -0.0101128,    0.167218,   0.0206543,105092591533791
104843480953787,2,    0.118548,  -0.0112564,    0.143687,    0.020988,105093341513842
104843480953787,2,    0.112873, -0.00736436,    0.129473,   0.0230979,105094088721776
104843480953787,2,   0.0970849, -0.00477513,    0.104332,   0.0247336,105094814203197
104843480953787,2,   0.0881721, -0.00266583,   0.0959264,   0.0256747,105095604816571
104843480953787,2,   0.0740092,  -0.0035028,   0.0709484,   0.0247658,105096365555639
104843480953787,2,   0.0619486, -0.00545904,   0.0553983,   0.0245929,105097056334508
104843480953787,2,   0.0508591, -0.00266806,   0.0423836,   0.0236463,105097828429196
104843480953787,2,   0.0385185,  0.00126122,   0.0312052,   0.0214365,105098687857854
104843480953787,2,   0.0325635,  0.00188064,   0.0239637,   0.0225335,105099389919642
104843480953787,2,   0.0237634,  0.00168676,   0.0180961,    0.023933,105100167666660
104843480953787,2,   0.0193863,  0.00145971,   0.0139132,   0.0247527,105100870355681
104843480953787,2,   0.0126848, 0.000907971,   0.0100802,   0.0241223,105101652284777
104843480953787,2,  0.00825377, 0.000598313,  0.00792606,   0.0234135,105102508311282
104843480953787,2,  0.00404658, 0.000318141,   0.0059412,   0.0240181,105103307808182
104843480953787,2,           0,           0,  0.00494185,   0.0249393,105104049781137
104843480953787,2,           0,    0.144633,  0.00541737,   0.0241611,105104784043275
104843480953787,2,           0,    0.323052,  0.00579121,   0.0240096,105105673288775
104843480953787,2,           0,    0.428309,  0.00680089,   0.0272182,105106471880983
104843480953787,2,           0,    0.440047,  0.00870666,   0.0251093,105107248410050
104843480953787,2,           0,    0.421761,   0.0116869,   0.0233879,105107964526279
104843480953787,2,           0,    0.366675,   0.0114456,   0.0196942,105108726866528
104843480953787,2,           0,    0.335119,    0.014509,   0.0185272,105109521444190
104843480953787,2,           0,    0.287917,    0.017743,   0.0203714,105110296471714
104843480953787,2,           0,    0.249291,   0.0160467,   0.0185598,105110996065786
104843480953787,2,           0,    0.209714,   0.0166715,   0.0201325,105111830385301
104843480953787,2,           0,    0.166606,   0.0168469,   0.0213764,105112615469664
104843480953787,2,           0,    0.129162,   0.0169298,   0.0213217,105113356641570
104843480953787,2,           0,   0.0996389,   0.0130921,   0.0206952,105114059720017
104843480953787,2,           0,   0.0536362,   0.0161196,   0.0250602,105114798404262
104843480953787,2,           0,   0.0265244,   0.0174167,   0.0268022,105115700886202
104843480953787,2,           0,  0.00716392,   0.0161702,   0.0297038,105116558141251
105116655490188,2,           0,           0,     2.17875,     2.12598,105117302086299
105116655490188,2,           0,           0,     2.17875,     2.12598,105118087503104
105116655490188,2,           0,   0.0572671,     2.18458,     2.12096,105118914538283
105116655490188,2,           0,    0.186603,     2.22556,      2.0891,105119602185073
105116655490188,2,           0,    0.282042,     2.25911,     2.05405,105120334682912
105116655490188,2,           0,    0.324023,      2.3365,     1.96274,105121178650969
105116655490188,2,           0,    0.287175,     2.42271,     1.85592,105121929315496
105116655490188,2,           0,    0.246323,     2.52445,     1.71119,105122734825088
105116655490188,2,           0,    0.204947,     2.58869,     1.60849,105123498380661
105116655490188,2,           0,    0.171436,     2.65235,     1.50034,105124268866706
105116655490188,2,           0,    0.139116,     2.69564,      1.4202,105125069699963
105116655490188,2,           0,    0.105258,     2.72887,     1.34998,105125858483379
105116655490188,2,           0,    0.079574,     2.75281,     1.30423,105126603243462
105116655490188,2,           0,   0.0469704,      2.7762,     1.25422,105127348731913
105116655490188,2,           0,   0.0303412,     2.78288,     1.23191,105128034560263
105116655490188,2,           0,   0.0086741,      2.7891,     1.20956,105128763913313
105116655490188,2,   0.0420622,   0.0111661,     2.78631,     1.20297,105129534343701
105116655490188,2,    0.144239,    0.056992,     2.78847,     1.20119,105130261925931
105116655490188,2,     0.22085,   0.0697182,     2.77563,     1.17798,105130974451406
105116655490188,2,    0.291836,   0.0648449,     2.77855,     1.18897,105131756624207
105116655490188,2,    0.345345,    0.054242,     2.77178,     1.17907,105132507715297
105116655490188,2,    0.383959,   0.0436167,     2.75014,     1.20082,105133230952368
105116655490188,2,    0.406031,   0.0345906,     2.75353,     1.25527,105133941688625
105116655490188,2,    0.397111,   0.0229743,     2.73317,     1.29261,105134689691861
105116655490188,2,    0.391147,   0.0204124,     2.69493,     1.31848,105135397340292
105116655490188,2,    0.376827,   0.0250524,     2.68255,     1.38033,105136202805353
105116655490188,2,    0.365934,   0.0272069,     2.65849,     1.44397,105137012221865
105116655490188,2,    0.361948,   0.0316668,     2.63379,       1.487,105137759193294
105116655490188,2,    0.363151,   0.0455246,     2.60022,     1.48198,105138581870460
105116655490188,2,    0.350942,   0.0471234,     2.58235,     1.54295,105139409342976
105116655490188,2,    0.353123,   0.0533551,     2.56735,     1.56103,105140218582644
105116655490188,2,    0.348532,    0.050486,     2.55259,     1.60052,105141025331180
105116655490188,2,     0.35575,   0.0591341,     2.55079,      1.6215,105141777254151
105116655490188,2,    0.355138,   0.0646057,     2.53256,     1.60932,105142443457656
105116655490188,2,    0.352041,   0.0667525,       2.511,     1.61584,105143152263904
105116655490188,2,    0.350411,   0.0625806,     2.49959,     1.64848,105143884620704
105116655490188,2,    0.358277,   0.0846546,     2.49775,     1.66897,105144651197864
105116655490188,2,    0.359612,   0.0945762,     2.48408,     1.65565,105145375844986
105116655490188,2,    0.358434,   0.0974496,     2.48487,     1.66635,105146125977580
105116655490188,2,    0.364225,    0.108736,     2.48569,      1.6537,105146873052766
105116655490188,2,    0.358801,    0.115175,     2.49093,     1.65032,105147622522126
105116655490188,2,    0.364513,    0.131736,     2.49386,     1.65373,105148428163707
105116655490188,2,    0.351909,    0.112832,     2.51084,      1.6188,105149215642368
105116655490188,2,    0.354941,    0.127997,     2.49599,     1.59646,105149963398228
105116655490188,2,    0.357604,    0.133339,     2.51348,     1.55603,105150707678009
105116655490188,2,     0.35569,    0.141954,     2.53876,     1.54036,105151456812286
105116655490188,2,    0.361005,    0.153579,     2.56402,     1.50632,105152224938688
105116655490188,2,    0.341323,     0.15285,     2.55984,      1.4672,105153034169697
105116655490188,2,    0.329911,    0.155019,      2.5805,     1.43437,105153843493978
105116655490188,2,    0.325326,    0.165194,     2.59961,     1.40457,105154650729301
105116655490188,2,    0.319046,    0.160207,     2.63568,     1.34087,105155440559761
105116655490188,2,    0.308124,     0.15546,     2.65971,     1.28231,105156144760030
105116655490188,2,    0.290419,    0.153414,     2.68362,     1.22171,105156894608795
105116655490188,2,    0.281623,    0.157627,     2.70444,     1.21219,105157616765783
105116655490188,2,    0.246374,    0.138659,      2.7483,     1.14398,105158346985012
105116655490188,2,    0.218632,    0.122904,     2.73698,     1.08521,105159171439687
105116655490188,2,    0.208087,    0.113266,     2.79892,     1.03792,105159958935622
105116655490188,2,    0.208087,    0.110107,     2.79955,     0.98915,105160722242539
105116655490188,2,    0.208087,    0.107978,     2.83018,    0.950564,105161447415025
105116655490188,2,    0.251301,    0.129371,     2.81947,    0.921946,105162197471792
105116655490188,2,    0.298364,    0.152048,     2.85038,    0.875767,105163001111641
105116655490188,2,    0.330691,    0.163358,     2.87458,    0.827055,105163769629952
105116655490188,2,    0.349891,    0.145632,     2.88896,     0.77585,105164496372902
105116655490188,2,    0.352792,    0.118921,     2.92969,     0.67933,105165265687785
105116655490188,2,    0.350984,     0.10886,     2.94453,    0.614965,105165994926150
105116655490188,2,    0.342368,    0.106014,     2.95667,    0.563926,105166757977854
105116655490188,2,    0.355337,    0.111893,     2.95901,    0.502671,105167583313687
105116655490188,2,    0.351375,    0.109805,     2.96106,     0.47001,105168288593255
105116655490188,2,    0.359582,    0.125391,     2.98592,    0.442876,105169094751152
105116655490188,2,    0.363889,    0.111378,     2.99238,     0.37749,105169863659525
105116655490188,2,     0.37666,    0.106383,     3.01908,    0.290766,105170644482914
105116655490188,2,    0.370925,    0.100197,     3.00297,    0.269726,105171407820499
105116655490188,2,    0.360384,   0.0834425,     3.00896,    0.189011,105172136730122
105116655490188,2,    0.376499,   0.0853851,      3.0174,     0.13596,105172883397791
105116655490188,2,     0.39768,   0.0880814,     3.02552,   0.0915747,105173667683166
105116655490188,2,    0.384972,   0.0758261,     3.02194,   0.0347204,105174512111896
105116655490188,2,    0.393209,   0.0703716,     3.02901, -0.00824351,105175296292628
105116655490188,2,    0.415669,   0.0639049,     3.03567,  -0.0539734,105176081046846
105116655490188,2,    0.446387,   0.0595713,     3.01078,  -0.0925693,105176790180424
105116655490188,2,    0.523337,   0.0449389,      3.0156,   -0.126421,105177675462219
105116655490188,2,    0.582278,   0.0496223,     3.02528,   -0.158577,105178461038306
105116655490188,2,    0.614713,   0.0398661,      2.9993,   -0.204335,105179403889626
105116655490188,2,    0.716377,   0.0379706,       2.962,   -0.224119,105180444198275
105116655490188,2,     0.77291,   0.0221227,     2.81819,   -0.252357,105181190631307
105116655490188,2,    0.710203,   0.0108601,     2.74534,   -0.263323,105181874894125
105116655490188,2,    0.596203, -0.00164446,     2.63541,   -0.270555,105182619786690
105116655490188,2,    0.513565, -0.00677654,      2.5191,   -0.267891,105183310157894
105116655490188,2,    0.516724,  -0.0188412,       2.399,   -0.265333,105184018484406
105116655490188,2,     0.48631,  -0.0293095,     2.30741,   -0.259377,105184685741118
105116655490188,2,    0.446568,  -0.0356655,     2.21977,   -0.241741,105185511834251
105116655490188,2,     0.45188,  -0.0387807,     2.13188,   -0.224462,105186264372861
105116655490188,2,    0.442717,  -0.0485049,     2.07755,   -0.213232,105187035985232
105116655490188,2,    0.442362,  -0.0494803,     2.01937,   -0.197336,105187806382528
105116655490188,2,    0.434555,  -0.0515076,     1.94456,   -0.179461,105188649729399
105116655490188,2,    0.424708,  -0.0521906,     1.85992,   -0.161162,105189381806632
105116655490188,2,    0.429385,  -0.0432291,     1.79571,   -0.142289,105190170045492
105116655490188,2,     0.43476,  -0.0508619,     1.76332,   -0.133898,105191033507782
105116655490188,2,    0.453643,  -0.0448563,     1.64547,   -0.109676,105191861449920
105116655490188,2,     0.48511,  -0.0402167,     1.57389,  -0.0943565,105192629752197
105116655490188,2,    0.533188,  -0.0362759,     1.52432,  -0.0860887,105193379158049
105116655490188,2,    0.565124,  -0.0416676,     1.48449,  -0.0819049,105194127835960
105116655490188,2,    0.558873,  -0.0377395,     1.35991,  -0.0661715,105194871989360
105116655490188,2,    0.534937,  -0.0397924,     1.27093,  -0.0561394,105195656884124
105116655490188,2,     0.50188,  -0.0404221,     1.15231,  -0.0452212,105196466887935
105116655490188,2,    0.477333,  -0.0464241,     1.10182,   -0.038408,105197178992930
105116655490188,2,    0.456484,   -0.044072,     0.99829,  -0.0279234,105198008304388
105116655490188,2,    0.428475,   -0.046347,    0.924968,  -0.0212293,105198718240150
105116655490188,2,    0.409761,  0.00674994,    0.882654,   -0.019854,105199443456429
105116655490188,2,     0.38165,   0.0787703,    0.808786,  -0.0173301,105200206444063
105116655490188,2,    0.348771,    0.113142,    0.688875,  -0.0368112,105200967175164
105116655490188,2,    0.338067,    0.154813,    0.658216,  -0.0466879,105201803743837
105116655490188,2,    0.311738,    0.135134,    0.583519,  -0.0693098,105202551995132
105116655490188,2,    0.300145,     0.12863,     0.54898,  -0.0799937,105203287316759
105116655490188,2,    0.277838,    0.114291,    0.496462,  -0.0914412,105204027434074
105116655490188,2,    0.251664,   0.0996558,    0.424341,   -0.106967,105204809773098
105116655490188,2,    0.238674,   0.0947017,    0.412476,   -0.111157,105205614010381
105116655490188,2,    0.218418,   0.0878219,     0.34866,   -0.121025,105206352210373
105116655490188,2,    0.200896,   0.0792465,    0.307584,   -0.127571,105207097122149
105116655490188,2,    0.184698,   0.0712796,    0.265336,   -0.133601,105207895894908
105116655490188,2,    0.169135,   0.0650402,    0.237245,   -0.134681,105208582122929
105116655490188,2,    0.150687,   0.0572997,    0.207876,   -0.139402,105209345354128
105116655490188,2,    0.136287,   0.0517794,    0.173648,   -0.141078,105210111273203
105116655490188,2,    0.124124,   0.0469465,    0.157805,   -0.141905,105210890917729
105116655490188,2,    0.110512,   0.0412755,    0.133967,   -0.143961,105211636143208
105116655490188,2,     0.09356,   0.0348685,    0.099508,   -0.146982,105212357259968
105116655490188,2,   0.0834206,    0.032011,   0.0840784,   -0.146475,105213100852747
105116655490188,2,   0.0784724,   0.0296511,   0.0769828,   -0.148667,105213804472984
105116655490188,2,    0.063599,   0.0232835,   0.0634308,   -0.148995,105214608273187
105116655490188,2,   0.0584601,   0.0216347,   0.0518318,   -0.148903,105215333253560
105116655490188,2,   0.0507013,   0.0183392,   0.0422117,   -0.150805,105216062043984
105116655490188,2,   0.0403075,      0.0145,   0.0303826,   -0.150448,105216866183956
105116655490188,2,   0.0313075,  0.00831605,   0.0240919,   -0.150388,105217654015290
105116655490188,2,    0.024756,  0.00465779,   0.0169624,   -0.149753,105218479448882
105116655490188,2,   0.0195895,  0.00314863,   0.0136787,   -0.150685,105219345909961
105116655490188,2,   0.0161567,  0.00239733,  0.00972707,   -0.152119,105220069775380
105116655490188,2,   0.0128424,  0.00167377,  0.00746328,   -0.151698,105220798764379
105116655490188,2,   0.0818749,    0.029313,     2.98832,    0.427098,105221624766561
105116655490188,2,    0.156667,   0.0487565,      2.9901,    0.425532,105222377741435
105116655490188,2,    0.217893,   0.0569232,     2.98054,    0.410164,105223109828660
105116655490188,2,    0.269339,   0.0458015,     2.98037,    0.385906,105223861626330
105116655490188,2,    0.306292,   0.0407308,     2.99544,    0.379985,105224555009865
105116655490188,2,    0.335027,   0.0361702,     2.98876,    0.366494,105225276040665
105116655490188,2,    0.352578,   0.0376306,     3.00893,    0.358481,105226022171938
105116655490188,2,    0.359872,   0.0433766,     3.01522,    0.350355,105226870189982
105116655490188,2,    0.364041,   0.0516029,     3.00063,    0.334794,105227605795133
105116655490188,2,    0.368457,   0.0495326,     2.98549,    0.315033,105228415790904
105116655490188,2,    0.369049,   0.0452179,     3.00631,     0.29913,105229125123311
105116655490188,2,    0.378943,    0.048764,     3.00491,    0.277961,105229895910615
105116655490188,2,    0.381117,   0.0460303,     2.98758,    0.258255,105230647443678
105116655490188,2,     0.38646,   0.0400805,     3.00269,    0.233735,105231459120292
105116655490188,2,    0.396921,   0.0396538,     2.97874,     0.21775,105232271944805
105116655490188,2,    0.386997,   0.0369512,      3.0011,    0.203207,105233061971397
105116655490188,2,    0.409812,   0.0362685,     3.01221,    0.193969,105233772552739
105116655490188,2,    0.402387,   0.0304646,     2.99046,    0.180807,105234543570686
105116655490188,2,      0.4297,   0.0303307,     3.00972,    0.166412,105235294227330
105116655490188,2,    0.441121,   0.0309807,     3.01715,    0.153669,105236144865961
105116655490188,2,    0.441095,   0.0267404,     3.01121,    0.138423,105236937720471
105116655490188,2,    0.452429,   0.0251764,     2.99407,    0.124895,105237727658579
105116655490188,2,    0.490006,   0.0280193,     3.02085,    0.120734,105238478725934
105116655490188,2,    0.501207,    0.020753,     3.01481,     0.10861,105239229664711
105116655490188,2,    0.516787,   0.0160403,     3.00558,   0.0991291,105240276874595
105116655490188,2,    0.544977,   0.0176673,      3.0237,   0.0924846,105241149076001
105116655490188,2,    0.563711,   0.0155352,     3.00725,   0.0817321,105242066911150
105116655490188,2,    0.555244,   0.0182517,     3.02149,   0.0872838,105242814526898
105116655490188,2,    0.617333,   0.0135478,     3.02051,   0.0700083,105243565277154
105116655490188,2,     0.68144,   0.0163125,     3.01131,    0.067141,105244397112709
105116655490188,2,    0.678293,   0.0139416,     3.01507,    0.062599,105245145666874
105116655490188,2,    0.752488,   0.0108598,     3.00103,   0.0544565,105245916398466
105116655490188,2,    0.845255,   0.0090432,      2.9965,   0.0476083,105246749559305
105116655490188,2,    0.901996,  0.00773468,     3.01009,   0.0419888,105247522194789
105116655490188,2,    0.986237,  0.00938467,     3.02155,   0.0387059,105248351636688
105116655490188,2,     1.04671,  0.00846747,     3.01982,   0.0354992,105249083707368
105116655490188,2,     1.09606,   0.0120926,      2.9932,   0.0320274,105249874952309
105116655490188,2,     1.12727,   0.0139231,     3.01881,   0.0310355,105250650474341
105116655490188,2,     1.12012,   0.0120399,     3.02434,   0.0238596,105251418593425
105116655490188,2,      1.1018,   0.0109184,     3.00356,   0.0192998,105252190667565
105116655490188,2,     1.07915,  0.00894094,     3.02372,   0.0145915,105252980246430
105116655490188,2,     1.06126,  0.00527444,      3.0218,  0.00995318,105253696706106
105116655490188,2,     1.03471,  0.00318609,     3.02089,   0.0037683,105254444329827
105116655490188,2,     1.01711, 0.000805053,     3.01931,  0.00254862,105255191428687
105116655490188,2,    0.994326, -0.00201256,     3.02266, -0.00430013,105255944171031
105116655490188,2,    0.963461,  0.00142089,     3.03646,  0.00248626,105256673696010
105116655490188,2,    0.950637, 0.000564016,     3.01133,  0.00101764,105257463881347
105116655490188,2,    0.917235,  0.00119412,     3.00331,  0.00331298,105258228752201
105116655490188,2,    0.893381,-0.000298834,     2.98396,  0.00226768,105258920860706
105116655490188,2,    0.877285,  0.00149475,     2.88933,  0.00325038,105259647172800
105116655490188,2,    0.839184, -0.00390653,     2.67141, 0.000121242,105260433594247
105116655490188,2,    0.817341, -0.00313308,     2.56001, 0.000240338,105261160814016
105116655490188,2,    0.792554, -0.00123749,     2.46791,  0.00213634,105261930016750
105116655490188,2,    0.756794, -0.00228085,     2.32159,  0.00222897,105262718497780
105116655490188,2,    0.736973, 0.000734237,     2.13372,  0.00228457,105263528339697
105116655490188,2,    0.711287,-0.000670972,      2.0101,   0.0023074,105264236177322
105116655490188,2,    0.686607,  0.00171724,     1.89469,   0.0031087,105264982794391
105116655490188,2,    0.663045,  0.00276647,       1.789,  0.00313458,105265754823512
105116655490188,2,    0.630578,  0.00387392,     1.64959,  0.00421549,105266481461566
105116655490188,2,    0.609847,  0.00244449,     1.59568,  0.00414801,105267210991633
105116655490188,2,    0.585025,  0.00420692,     1.48734,  0.00328295,105267996837260
105116655490188,2,    0.557072, -0.00135897,     1.38488, -0.00102966,105268766685088
105116655490188,2,    0.531538, -0.00367998,     1.28922,  -0.0021382,105269511861226
105116655490188,2,    0.504651, -0.00398645,     1.16932, -0.00441056,105270239444928
105116655490188,2,      0.4678, -0.00420861,     1.04185, -0.00204412,105271084093628
105116655490188,2,    0.444719, -0.00356284,    0.964765, -0.00219551,105271874983296
105116655490188,2,    0.424608, -0.00181176,    0.923802, -0.00340691,105272623488063
105116655490188,2,    0.414032, -0.00208165,    0.843727, -0.00269192,105273449174067
105116655490188,2,    0.387982, -0.00205348,    0.768613,  -0.0047715,105274177044689
105116655490188,2,    0.366187, -0.00383617,    0.732716, -0.00678108,105274920282661
105116655490188,2,    0.339438, 3.32447e-05,    0.622372, -0.00522485,105275604467908
105116655490188,2,    0.317975, -0.00289067,     0.60772, -0.00898146,105276388954404
105116655490188,2,    0.299282, -0.00540414,    0.537623, -0.00952879,105277076883653
105116655490188,2,    0.277568,  -0.0094684,    0.499676,  -0.0109462,105277843329508
105116655490188,2,    0.255251,  -0.0384075,    0.434895,  -0.0360511,105278668638702
105116655490188,2,     0.24891,   -0.088327,    0.423496,   -0.103808,105279487355457
105116655490188,2,    0.229884,  -0.0815756,    0.368031,   -0.109102,105280287998854
105116655490188,2,     0.14158,  -0.0502403,    0.329536,   -0.107357,105281051389952
105116655490188,2,    0.174879,  -0.0620567,    0.306333,   -0.112586,105281773998838
105116655490188,2,    0.192809,  -0.0684195,    0.287263,   -0.117642,105282486737839
105116655490188,2,    0.185268,  -0.0657433,    0.266353,   -0.124756,105283231188552
105116655490188,2,    0.180639,  -0.0641008,    0.263632,   -0.134754,105283955693908
105116655490188,2,    0.166995,  -0.0592593,    0.235272,   -0.146046,105284654425025
105116655490188,2,    0.153287,    -0.04581,    0.211006,   -0.157079,105285434699596
105116655490188,2,    0.135453, -0.00936051,     0.18141,   -0.170837,105286251308242
105116655490188,2,    0.120915,   0.0154751,    0.155312,   -0.177079,105287011406309
105116655490188,2,    0.115852,   0.0242974,    0.151238,   -0.191156,105287730019554
105116655490188,2,   0.0981604,   0.0306559,    0.127046,   -0.204358,105288523985487
105116655490188,2,   0.0876577,   0.0311214,    0.108202,   -0.217155,105289280950781
105116655490188,2,   0.0782334,   0.0277839,   0.0973672,   -0.231703,105289982180753
105116655490188,2,   0.0617305,   0.0219237,   0.0761228,   -0.244428,105290701160217
105116655490188,2,   0.0465058,   0.0165166,   0.0561955,   -0.254392,105291579453721
105116655490188,2,   0.0406294,   0.0144296,    0.051554,   -0.266311,105292323139208
105116655490188,2,   0.0303029,   0.0107621,    0.042405,   -0.277419,105293084148140
105116655490188,2,    0.017268,  0.00595739,   0.0335327,   -0.287582,105293749968551
