93481562915051,2,           0,           0,     2.18654,      2.1202,93482225938243
93481562915051,2,           0,           0,     2.18654,      2.1202,93482988476716
93481562915051,2,           0,   0.0353564,     2.18721,     2.11951,93483716424769
93481562915051,2,           0,    0.179039,     2.19426,     2.11574,93484463756317
93481562915051,2,           0,    0.279206,     2.23042,     2.07938,93485214467913
93481562915051,2,           0,    0.325507,     2.24871,     2.05943,93485868585972
93481562915051,2,           0,    0.297785,     2.38239,     1.90225,93486536147210
93481562915051,2,           0,    0.265523,     2.45961,     1.79891,93487285870510
93481562915051,2,           0,    0.220231,     2.55229,     1.65821,93487935963616
93481562915051,2,           0,    0.184637,      2.6093,     1.55697,93488671252523
93481562915051,2,           0,    0.147809,     2.65576,     1.46886,93489340246036
93481562915051,2,           0,    0.111575,     2.68349,     1.40794,93489989377331
93481562915051,2,           0,   0.0716366,     2.72317,     1.32658,93490695044323
93481562915051,2,           0,   0.0394235,     2.74648,      1.2735,93491465732338
93481562915051,2,           0,   0.0179936,     2.75433,     1.24802,93492294156425
93481562915051,2,           0,  0.00475091,     2.75712,     1.23794,93493296429256
93481562915051,2,   0.0755662,   0.0297855,     2.76063,      1.2294,93494320643581
93481562915051,2,    0.179165,   0.0668655,      2.7613,     1.20396,93495167547839
93481562915051,2,    0.242265,   0.0882347,     2.77681,     1.22272,93495797492916
93481562915051,2,    0.302919,   0.0872208,     2.76429,     1.19367,93496528485835
93481562915051,2,    0.352778,   0.0739949,     2.78533,     1.22334,93497275163568
93481562915051,2,    0.387455,    0.061112,     2.75656,     1.22618,93498005108954
93481562915051,2,    0.396672,   0.0379379,     2.73799,     1.27762,93498709377825
93481562915051,2,    0.399309,   0.0326321,     2.73149,     1.30019,93499435807378
93481562915051,2,    0.378966,   0.0242213,     2.72152,     1.32679,93500246451152
93481562915051,2,    0.375712,   0.0273736,     2.70788,     1.38573,93500993044122
93481562915051,2,     0.36652,   0.0253262,     2.66067,     1.42378,93501658031272
93481562915051,2,    0.358565,   0.0310563,     2.63251,     1.44959,93502387647890
93481562915051,2,     0.36003,   0.0361037,     2.63021,     1.51044,93502981960292
93481562915051,2,    0.355782,   0.0421329,     2.60918,       1.547,93503764670117
93481562915051,2,    0.351904,   0.0513984,     2.58275,      1.5502,93504454783197
93481562915051,2,    0.351431,   0.0543542,      2.5679,     1.58192,93505225670344
93481562915051,2,    0.352138,   0.0602123,     2.55922,     1.60621,93505975626546
93481562915051,2,    0.350401,   0.0564387,     2.53554,      1.6015,93506685198476
93481562915051,2,    0.344762,   0.0638332,     2.53749,     1.63318,93507336727657
93481562915051,2,    0.353522,   0.0728946,     2.52216,     1.64516,93508051226412
93481562915051,2,     0.35147,   0.0776234,     2.50965,     1.64343,93508836588799
93481562915051,2,    0.357095,   0.0857162,     2.51332,     1.65086,93509603068399
93481562915051,2,    0.360089,   0.0979066,     2.49497,     1.63536,93510329994995
93481562915051,2,    0.354533,   0.0929368,     2.49381,     1.63132,93510919102889
93481562915051,2,    0.352218,   0.0975945,     2.51492,     1.64156,93511671838763
93481562915051,2,     0.36052,    0.115424,     2.51723,     1.63486,93512441723032
93481562915051,2,    0.358462,    0.137214,     2.51358,     1.61931,93513152031705
93481562915051,2,    0.353568,    0.129346,     2.51407,     1.57419,93513743640920
93481562915051,2,    0.355878,    0.132513,     2.53479,     1.54163,93514569791534
93481562915051,2,    0.360806,    0.155276,     2.54728,     1.53064,93515255677704
93481562915051,2,    0.344937,    0.168384,     2.58448,     1.49959,93515981011264
93481562915051,2,    0.334256,    0.159996,     2.58734,     1.43299,93516727559656
93481562915051,2,    0.334773,    0.168777,     2.60641,     1.41904,93517471541355
93481562915051,2,    0.329616,    0.163987,     2.63519,     1.35034,93518201555488
93481562915051,2,    0.311327,    0.156585,     2.66769,     1.29405,93518888477153
93481562915051,2,    0.300853,    0.151995,     2.67893,     1.24362,93519672868544
93481562915051,2,    0.284262,    0.145871,     2.71522,      1.1825,93520333024832
93481562915051,2,    0.260464,    0.142746,       2.729,     1.14063,93521053053806
93481562915051,2,    0.228692,      0.1298,     2.75632,     1.10375,93521662892462
93481562915051,2,    0.222711,    0.115271,      2.7804,      1.0477,93522308642654
93481562915051,2,    0.222711,    0.125386,     2.79227,     1.01105,93522993602897
93481562915051,2,    0.222711,    0.114204,     2.81191,    0.953259,93523640957929
93481562915051,2,    0.262179,    0.125502,     2.84224,    0.908963,93524349606367
93481562915051,2,    0.304918,    0.145747,     2.83333,    0.880736,93525120348807
93481562915051,2,    0.331237,    0.128361,     2.88743,    0.806087,93525771112003
93481562915051,2,     0.34642,    0.117714,     2.91049,     0.73343,93526536979242
93481562915051,2,    0.355619,    0.132112,     2.90515,    0.722393,93527270308481
93481562915051,2,    0.354198,    0.117147,     2.92695,    0.668179,93527976016274
93481562915051,2,    0.356585,    0.104118,     2.95118,    0.597033,93528703193644
93481562915051,2,    0.354533,    0.106378,     2.95388,    0.545777,93529413404856
93481562915051,2,    0.350141,    0.103443,     2.95864,    0.496105,93530142473350
93481562915051,2,    0.363418,    0.100707,     2.96571,    0.442683,93530810409338
93481562915051,2,    0.371475,    0.105302,     2.98986,    0.412295,93531476480586
93481562915051,2,    0.371221,   0.0956738,     3.00662,    0.317662,93532182131953
93481562915051,2,    0.381852,    0.107649,     3.00021,    0.304077,93532947231602
93481562915051,2,    0.362282,   0.0861771,     3.00754,    0.220319,93533710009801
93481562915051,2,     0.37527,   0.0871482,     3.00617,    0.195106,93534460561863
93481562915051,2,    0.378177,   0.0746402,     3.01769,   0.0957461,93535183004490
93481562915051,2,    0.413053,   0.0843549,     3.03391,    0.076139,93535951682959
93481562915051,2,    0.410148,     0.08022,     3.02154,    0.043917,93536755443727
93481562915051,2,     0.42911,    0.071853,     3.02114, -0.00716399,93537364309044
93481562915051,2,    0.465598,   0.0585477,     3.02861,  -0.0740911,93538054094911
93481562915051,2,    0.500736,   0.0553948,     3.03597,    -0.11197,93538762579586
93481562915051,2,    0.578426,   0.0419621,     3.02706,   -0.137565,93539522602897
93481562915051,2,    0.656227,   0.0367201,     3.03512,   -0.196847,93540409171287
93481562915051,2,    0.723766,   0.0343258,     2.94905,   -0.212159,93541142597753
93481562915051,2,    0.658344,     0.02406,     2.79905,   -0.230384,93542044202799
93481562915051,2,    0.554254,   0.0177984,     2.74334,   -0.237305,93542732903674
93481562915051,2,    0.527734,  0.00618356,     2.62793,   -0.249293,93543475211553
93481562915051,2,    0.526732, -0.00503705,     2.51354,   -0.256536,93544183588700
93481562915051,2,    0.480383,  -0.0200948,     2.43387,   -0.258015,93544907268202
93481562915051,2,    0.445425,  -0.0303749,     2.34126,   -0.251585,93545557250621
93481562915051,2,     0.44645,  -0.0328052,     2.27682,   -0.237956,93546282325373
93481562915051,2,    0.447954,  -0.0388263,     2.21212,   -0.224785,93546990819640
93481562915051,2,    0.434193,  -0.0394837,     2.12955,   -0.210747,93547703670199
93481562915051,2,    0.438357,  -0.0425999,     2.06586,   -0.197347,93548334131257
93481562915051,2,    0.418557,  -0.0451089,     1.96639,   -0.176026,93549108188178
93481562915051,2,    0.427638,  -0.0441352,     1.93469,   -0.167389,93549818909212
93481562915051,2,    0.422957,  -0.0426311,     1.86578,   -0.148775,93550490957814
93481562915051,2,    0.425171,   -0.043559,     1.78913,   -0.130603,93551284248533
93481562915051,2,    0.430033,  -0.0414438,     1.72905,   -0.121941,93552018131996
93481562915051,2,    0.445355,  -0.0460114,     1.67272,   -0.109787,93552692219764
93481562915051,2,    0.438059,  -0.0404905,     1.62242,  -0.0976437,93553361995989
93481562915051,2,    0.495613,  -0.0455703,     1.55448,   -0.088566,93554107064677
93481562915051,2,    0.532174,   -0.034964,     1.48728,  -0.0771414,93554746313839
93481562915051,2,    0.556466,  -0.0330118,     1.37754,  -0.0627181,93555451169092
93481562915051,2,    0.549324,  -0.0373943,     1.32389,  -0.0589779,93556174961472
93481562915051,2,    0.511177,  -0.0351844,     1.18584,  -0.0460442,93557045542624
93481562915051,2,    0.488577,  -0.0482713,     1.10752,  -0.0386329,93557693920332
93481562915051,2,    0.460486,  -0.0430569,     1.03326,  -0.0324361,93558443664105
93481562915051,2,    0.440044,  -0.0394013,    0.973794,  -0.0253267,93559011064223
93481562915051,2,    0.399051,  0.00075891,    0.842226,  -0.0180894,93559833701598
93481562915051,2,    0.385296,   0.0767267,    0.799472,  -0.0202878,93560551110391
93481562915051,2,    0.357727,    0.123834,    0.739317,  -0.0280947,93561287497238
93481562915051,2,     0.34047,    0.151365,    0.679867,   -0.044467,93561966671989
93481562915051,2,    0.324398,    0.142308,    0.623998,  -0.0600591,93562687216175
93481562915051,2,    0.302344,    0.130447,    0.579016,  -0.0750468,93563446351089
93481562915051,2,    0.279931,    0.115824,    0.506317,  -0.0930552,93564209147344
93481562915051,2,     0.26376,     0.10584,    0.460223,   -0.102693,93564890536526
93481562915051,2,    0.241674,   0.0965345,    0.411723,   -0.112522,93565767920231
93481562915051,2,    0.225907,   0.0887893,    0.361314,    -0.12078,93566729676437
93481562915051,2,    0.209749,   0.0802288,     0.33611,    -0.12306,93567576680916
93481562915051,2,    0.190432,   0.0721822,    0.273117,   -0.128189,93568336317319
93481562915051,2,    0.178947,   0.0702156,    0.253139,   -0.131759,93569097644388
93481562915051,2,    0.160572,   0.0601421,    0.226281,   -0.133284,93569776201501
93481562915051,2,    0.145382,   0.0552183,    0.200369,   -0.138736,93570520090340
93481562915051,2,      0.1319,    0.049533,    0.163733,   -0.138212,93571164736805
93481562915051,2,    0.118854,   0.0446882,    0.140645,   -0.140696,93571850042002
93481562915051,2,    0.107352,   0.0408853,    0.125941,   -0.140236,93572572117170
93481562915051,2,   0.0926466,    0.034266,    0.100326,   -0.142541,93573292355043
93481562915051,2,     0.08593,    0.033036,   0.0848626,   -0.143735,93573977380229
93481562915051,2,   0.0733618,   0.0277202,   0.0691465,   -0.145391,93574679214525
93481562915051,2,   0.0643618,   0.0240015,   0.0581348,    -0.14354,93575359344879
93481562915051,2,   0.0533502,   0.0196395,   0.0446173,   -0.144426,93576101202514
93481562915051,2,   0.0451807,   0.0166269,   0.0348015,   -0.148092,93576841617831
93481562915051,2,   0.0352279,  0.00800586,   0.0261852,   -0.148358,93577547350374
93481562915051,2,   0.0292279,  0.00390517,   0.0214122,   -0.148273,93578215249495
93481562915051,2,   0.0258807,  0.00297795,   0.0161496,   -0.149861,93579000495261
93481562915051,2,   0.0239521,  0.00218628,   0.0144752,    -0.14937,93579630335235
93481562915051,2,   0.0161567,  0.00104581,  0.00813549,   -0.147965,93580392947664
93481562915051,2,   0.0648373,    0.021754,     2.99644,    0.413503,93581098878967
93481562915051,2,    0.147749,   0.0367684,     2.98729,    0.409798,93581909116698
93481562915051,2,    0.210363,   0.0451475,     2.97914,    0.398191,93582641433233
93481562915051,2,    0.255753,   0.0462106,     2.99186,    0.388378,93583277785364
93481562915051,2,    0.300279,   0.0428578,     3.00515,    0.380189,93584049816362
93481562915051,2,    0.333423,   0.0428571,     2.97503,    0.357712,93584859781110
93481562915051,2,    0.352963,   0.0411541,     2.98062,    0.342194,93585632464267
93481562915051,2,    0.360228,   0.0429294,     3.00186,    0.333684,93586346910133
93481562915051,2,    0.370975,   0.0441143,     2.98617,    0.317067,93587177072898
93481562915051,2,    0.364618,   0.0433038,     2.99487,    0.308647,93587773436007
93481562915051,2,    0.373297,   0.0477494,     2.99775,    0.298802,93588446135712
93481562915051,2,    0.371782,   0.0430738,     3.00328,    0.275117,93589122006129
93481562915051,2,    0.381218,   0.0391052,      2.9958,    0.248681,93589974711802
93481562915051,2,    0.382008,   0.0369122,     3.01196,    0.242433,93590630899850
93481562915051,2,    0.392232,   0.0408275,     2.99804,    0.224246,93591445978976
93481562915051,2,    0.391556,   0.0385917,     2.99212,    0.213059,93592041512022
93481562915051,2,    0.414572,   0.0400375,     2.99493,    0.197735,93592795917810
93481562915051,2,    0.410996,   0.0344584,     2.99527,    0.178155,93593510522394
93481562915051,2,    0.430136,   0.0313958,     2.98348,    0.163903,93594244557277
93481562915051,2,    0.426547,   0.0269467,     2.98859,    0.149815,93594860515625
93481562915051,2,    0.435154,   0.0303385,     3.00377,    0.144017,93595513873258
93481562915051,2,     0.46625,   0.0269686,      3.0229,    0.132454,93596285555832
93481562915051,2,    0.491683,    0.023689,     3.01043,    0.121781,93596939935441
93481562915051,2,    0.505356,   0.0134297,      3.0168,    0.107306,93597611615294
93481562915051,2,    0.521652,   0.0153925,     3.00758,    0.101098,93598224695830
93481562915051,2,    0.529699,   0.0151647,     3.00065,   0.0932418,93598998014213
93481562915051,2,    0.550346,   0.0159145,     3.01914,   0.0871683,93599694599298
93481562915051,2,    0.603077,   0.0189691,      3.0088,   0.0807562,93600448240267
93481562915051,2,    0.648138,   0.0208404,     3.02275,   0.0741731,93601142743239
93481562915051,2,    0.688955,   0.0203224,     3.00383,   0.0664754,93601815787209
93481562915051,2,    0.745304,   0.0225709,     3.01608,   0.0578256,93602509287168
93481562915051,2,    0.797898,   0.0236946,      3.0145,   0.0517994,93603220237729
93481562915051,2,    0.840647,   0.0192151,     3.01887,   0.0412452,93603854604222
93481562915051,2,    0.915547,    0.016071,     3.00887,    0.033952,93604610738342
93481562915051,2,    0.988564,   0.0124807,     3.00826,   0.0235094,93605348881823
93481562915051,2,     1.04221,  0.00765133,     3.02082,   0.0150571,93605996750663
93481562915051,2,     1.08858,  0.00284187,     3.00789,   0.0126983,93606710906144
93481562915051,2,     1.11786,  0.00448747,     3.01708,  0.00963736,93607361914730
93481562915051,2,     1.11827,  0.00471469,     3.00231,  0.00853607,93608031483970
93481562915051,2,     1.09623,  0.00486022,     3.00482,   0.0108098,93608741865650
93481562915051,2,     1.07947,-0.000785964,     3.00527,  0.00449164,93609457840597
93481562915051,2,     1.04989, -0.00255281,     3.01684, 0.000775101,93610150863965
93481562915051,2,      1.0374, -0.00299359,     3.01331, 0.000413621,93610823833371
93481562915051,2,     1.01608, -0.00367859,     3.00665,  0.00321455,93611651646563
93481562915051,2,    0.989872, 0.000416108,     3.02671,  0.00515906,93612386576837
93481562915051,2,    0.966387, -0.00207114,     3.00983,  0.00343211,93613001370490
93481562915051,2,    0.951532, -0.00548733,     3.01177,   0.0025874,93613712100961
93481562915051,2,    0.920831, -0.00728865,     3.02768, 8.41513e-05,93614382788282
93481562915051,2,     0.88517, -0.00393907,     2.95637,   0.0060422,93615155189370
93481562915051,2,    0.863498, -0.00109469,     2.80919,  0.00949189,93615969990138
93481562915051,2,    0.834593, -0.00240298,     2.70223,  0.00880007,93616859125329
93481562915051,2,    0.815616, -0.00542644,      2.5414,  0.00856331,93617415856165
93481562915051,2,    0.791827, -0.00791855,     2.40657,  0.00666846,93618146513869
93481562915051,2,    0.768459, -0.00013226,     2.29163,  0.00975793,93618817633261
93481562915051,2,    0.736247,  0.00674442,     2.12835,   0.0126513,93619507032369
93481562915051,2,    0.711076,  0.00557895,     2.00866,   0.0110276,93620217238457
93481562915051,2,    0.690093,  0.00648409,     1.91065,  0.00980002,93620866821712
93481562915051,2,    0.656452,  0.00237496,     1.76037,  0.00461176,93621534819235
93481562915051,2,    0.634232, 0.000805243,     1.64592,  0.00415815,93622166515522
93481562915051,2,    0.596342,  0.00227529,     1.54199,  0.00438346,93622916144455
93481562915051,2,     0.57873,  0.00392805,     1.44076,   0.0045611,93623604150468
93481562915051,2,    0.552204,  0.00102887,     1.33949, 0.000961498,93624291439760
93481562915051,2,    0.532131, -0.00329272,     1.23846, -0.00307413,93625000412676
93481562915051,2,    0.497508, -0.00413861,     1.14327, -0.00450019,93625671234800
93481562915051,2,    0.475218, -0.00604436,     1.10954, -0.00460214,93626420071441
93481562915051,2,    0.452881, -0.00431453,    0.992858, -0.00474432,93627149852958
93481562915051,2,    0.425938, -0.00110167,    0.909314, -0.00431925,93627739375694
93481562915051,2,    0.402291,  0.00352042,    0.831249, -0.00232383,93628363202198
93481562915051,2,    0.388432,  0.00391079,    0.789958, -0.00341382,93629095663434
93481562915051,2,    0.355054,  0.00411513,    0.690509, -0.00445666,93629765802824
93481562915051,2,    0.343021,  0.00298557,    0.659799, -0.00491371,93630491960127
93481562915051,2,    0.315366,   0.0032485,    0.559565, -0.00542776,93631242429571
93481562915051,2,    0.303755,  0.00244552,    0.532903, -0.00559942,93631891123583
93481562915051,2,        0.27, -0.00264538,     0.46474, -0.00621402,93632639879888
93481562915051,2,    0.252185, -3.7709e-05,    0.417182, -0.00633334,93633424211406
93481562915051,2,     0.23364, -0.00273853,    0.380419, -0.00903162,93634092195587
93481562915051,2,    0.219632,-0.000865902,    0.331442,  -0.0084348,93634795577105
93481562915051,2,    0.200098, 0.000423019,    0.297121, -0.00839187,93635435354938
93481562915051,2,    0.179953,  0.00129251,    0.262606,  -0.0102432,93636174076493
93481562915051,2,    0.164497,  0.00136478,    0.223105,  -0.0114925,93636938429648
93481562915051,2,    0.151013,  0.00280923,    0.196927,  -0.0110752,93637626441960
93481562915051,2,    0.134851,  0.00191072,    0.166666,   -0.012634,93638376122899
93481562915051,2,    0.120563,  0.00255745,    0.141836,  -0.0133798,93639082587957
93481562915051,2,    0.110125,  0.00198601,    0.127273,  -0.0147015,93639809550346
93481562915051,2,   0.0948372,  0.00296543,    0.100766,  -0.0143727,93640518257776
93481562915051,2,    0.082228,   0.0040137,   0.0793003,  -0.0145167,93641285800181
93481562915051,2,   0.0696344,  0.00378087,   0.0649201,   -0.017158,93641978871597
93481562915051,2,   0.0565897,  0.00450649,   0.0479515,  -0.0146042,93642652736914
93481562915051,2,   0.0475768,  0.00276719,   0.0381595,  -0.0137465,93643298152714
93481562915051,2,   0.0387119, 0.000853896,   0.0293504,  -0.0164682,93644115547898
93481562915051,2,   0.0289042,  0.00039403,   0.0220748,  -0.0161163,93644858967956
93481562915051,2,   0.0194744, 0.000230664,   0.0135356,  -0.0159964,93645616555694
93481562915051,2,   0.0156906, 0.000212478,   0.0116468,  -0.0165041,93646275564393
93481562915051,2,  0.00764879, 8.91014e-05,  0.00709555,  -0.0149417,93646988934359
93647450454668,2,           0,           0,     3.00535,   -0.144085,93647684329591
93647450454668,2,           0,           0,     3.00535,   -0.144085,93648407327936
93647450454668,2,           0,           0,     3.00535,   -0.144085,93649011569205
93647450454668,2,   0.0253187,  -0.0028801,     3.00377,   -0.143964,93649677197908
93647450454668,2,    0.111142,   -0.039161,     2.99802,   -0.137038,93650481028868
93647450454668,2,    0.183489,  -0.0670565,     2.99219,   -0.129222,93651287958397
93647450454668,2,    0.250824,  -0.0927196,     3.01859,    -0.11194,93651978167208
93647450454668,2,    0.312858,   -0.116873,     2.99222,  -0.0715033,93652647933075
93647450454668,2,    0.317054,   -0.119127,      3.0078,  -0.0446153,93653398623599
93647450454668,2,    0.317054,    -0.11974,     3.02071, -0.00176888,93654108108519
93647450454668,2,    0.277054,   -0.105204,     3.01282,   0.0627968,93654761596160
93647450454668,2,    0.272397,   -0.104418,     3.01292,    0.128008,93655331420403
93647450454668,2,     0.23074,   -0.088878,     3.00521,    0.200427,93656000780045
93647450454668,2,     0.23074,  -0.0892234,     2.97963,    0.239238,93656770846294
93647450454668,2,     0.19074,  -0.0742155,     3.01089,    0.293016,93657503692994
93647450454668,2,     0.19074,  -0.0746406,     2.99846,    0.338088,93658156992743
93647450454668,2,           0,           0,     2.97006,    0.372994,93658907554824
93647450454668,2,           0,           0,     2.97003,    0.373032,93659660947271
93647450454668,2,           0,           0,     2.97003,    0.373032,93660576621118
93647450454668,2,           0,   -0.101021,     2.95312,    0.448877,93661391782005
93647450454668,2,           0,   -0.162271,     2.98589,    0.468103,93662069193501
93647450454668,2,           0,   -0.172683,     2.97098,     0.51117,93662741639604
93647450454668,2,           0,    -0.14358,     2.95593,    0.561201,93663433541210
93647450454668,2,           0,   -0.117266,     2.93475,      0.6467,93664068445718
93647450454668,2,           0,  -0.0677273,     2.90967,    0.741183,93664701611347
93647450454668,2,           0,  -0.0269993,     2.89283,    0.798571,93665331976357
93647450454668,2,   0.0207575, -0.00543155,     2.88488,     0.82506,93666061971091
93647450454668,2,    0.141207,  -0.0557909,     2.88059,    0.843927,93666808867954
93647450454668,2,    0.169675,  -0.0674927,     2.85742,    0.865975,93667472523239
93647450454668,2,    0.189262,  -0.0760165,     2.86997,    0.900584,93668155771463
93647450454668,2,    0.198662,  -0.0654548,     2.88271,    0.934513,93668797291340
93647450454668,2,         0.2,  -0.0444279,     2.83951,    0.969824,93669460757467
93647450454668,2,         0.2,  -0.0267706,     2.83026,    0.993606,93670146049809
93647450454668,2,         0.2,  -0.0157832,     2.83033,     1.02533,93670818393097
93647450454668,2,         0.2,  -0.0110671,     2.83651,     1.04357,93671508858323
93647450454668,2,         0.2, -0.00824638,     2.79568,     1.05171,93672316314287
93647450454668,2,    0.271413,  -0.0491615,     2.82695,     1.06079,93672951097181
93647450454668,2,    0.360196,  -0.0856417,      2.7967,     1.08275,93673624113746
93647450454668,2,    0.445958,    -0.11711,     2.77129,     1.10042,93674355802815
93647450454668,2,    0.514727,  -0.0985476,     2.76217,     1.18263,93675029654671
93647450454668,2,    0.573343,  -0.0941303,      2.7535,     1.24869,93675701964347
93647450454668,2,    0.627012,  -0.0871301,     2.72052,     1.30069,93676447302845
93647450454668,2,    0.664235,  -0.0647291,     2.67127,     1.35109,93677138450764
93647450454668,2,     0.68996,  -0.0364933,     2.62642,     1.42148,93677849784330
93647450454668,2,    0.700981,  -0.0188179,     2.62481,     1.44728,93678615852642
93647450454668,2,    0.652507, -0.00274985,     2.57735,     1.47713,93679322252452
93647450454668,2,    0.538507,   0.0116076,     2.57093,     1.49953,93680062476818
93647450454668,2,    0.448648,   0.0123989,     2.59286,     1.51706,93680886702151
93647450454668,2,    0.434561,   0.0183734,     2.56366,     1.52368,93681618952290
93647450454668,2,    0.428329,   0.0216788,     2.57875,     1.53136,93682290433261
93647450454668,2,    0.419945,   0.0219272,     2.55349,     1.52748,93682981177466
93647450454668,2,    0.415971,   0.0239554,     2.57102,     1.53199,93683694327062
93647450454668,2,    0.411214,   0.0256142,     2.55877,     1.52621,93684370044228
93647450454668,2,    0.407384,   0.0343966,     2.57537,     1.52987,93685145145297
93647450454668,2,    0.402167,   0.0411054,     2.56938,     1.52416,93685897447241
93647450454668,2,    0.399711,   0.0533537,     2.59384,     1.51984,93686592019820
93647450454668,2,    0.397386,   0.0821268,     2.60261,     1.49163,93687283271154
93647450454668,2,    0.395118,    0.122968,      2.6032,      1.4606,93687932166167
93647450454668,2,    0.394287,    0.153369,     2.64856,     1.44815,93688664433843
93647450454668,2,    0.393151,    0.171034,      2.6754,     1.37015,93689316205960
93647450454668,2,    0.391476,    0.171789,     2.73027,     1.27696,93690026997337
93647450454668,2,    0.394363,    0.180167,     2.75052,     1.21497,93690797793279
93647450454668,2,    0.393202,    0.173961,     2.81248,     1.08863,93691510246273
93647450454668,2,     0.39596,    0.161817,     2.84072,     1.02634,93692322785841
93647450454668,2,    0.417595,    0.165916,      2.8495,    0.963754,93693057765334
93647450454668,2,    0.473923,    0.167714,     2.87833,    0.885354,93693669233734
93647450454668,2,    0.526947,    0.140609,      2.9301,    0.782601,93694346017844
93647450454668,2,    0.595268,    0.123576,     2.95329,     0.68677,93695135715129
93647450454668,2,    0.671551,    0.114186,     2.97288,    0.620812,93695829006266
93647450454668,2,    0.755355,   0.0973791,      2.9837,    0.559831,93696502491349
93647450454668,2,    0.828344,   0.0731555,     3.01376,    0.444785,93697175900588
93647450454668,2,    0.891405,   0.0666324,     3.03651,    0.375418,93697865455535
93647450454668,2,    0.943755,    0.047145,     3.05927,    0.299238,93698553808574
93647450454668,2,    0.977073,   0.0394723,     3.06387,    0.233773,93699330509503
93647450454668,2,    0.995073,   0.0445663,     3.06353,    0.197812,93700001843537
93647450454668,2,     1.03205,   0.0516373,     3.06582,    0.119884,93700693879252
93647450454668,2,    0.997032,   0.0662715,     3.09663,   0.0658756,93701467703313
93647450454668,2,    0.889032,   0.0737354,     3.10847, -0.00942157,93702180870806
93647450454668,2,    0.802032,    0.115495,     3.08403,   -0.114942,93702755792642
93647450454668,2,    0.766242,    0.124362,      3.0928,   -0.224082,93703428468570
93647450454668,2,    0.772262,    0.105788,     3.07328,   -0.302787,93704158156179
93647450454668,2,    0.658262,   0.0891803,     3.06836,   -0.366194,93704910109968
93647450454668,2,    0.550262,    0.092305,     3.05509,   -0.443011,93705622441986
93647450454668,2,    0.502803,   0.0631233,     3.02668,   -0.545939,93706296012501
93647450454668,2,    0.500049,   0.0434956,     3.01031,   -0.598816,93706927264368
93647450454668,2,    0.500874,   0.0882613,     3.00198,   -0.656878,93707575568274
93647450454668,2,    0.498716,   0.0719764,     2.98922,   -0.697972,93708325571200
93647450454668,2,    0.494818,     0.16043,     2.95101,   -0.805022,93708997321239
93647450454668,2,    0.492868,    0.225728,     2.91224,   -0.897513,93709708623300
93647450454668,2,    0.494931,    0.279251,     2.90869,     -0.9421,93710397161805
93647450454668,2,    0.495806,    0.279153,     2.84173,    -1.11976,93711086685840
93647450454668,2,    0.495576,    0.269994,      2.7656,    -1.26886,93711738332841
93647450454668,2,    0.498438,    0.241083,     2.69472,    -1.44036,93712469313085
93647450454668,2,    0.526409,    0.166662,     2.61272,    -1.53481,93713181454679
93647450454668,2,    0.583287,    0.127928,     2.53025,    -1.65993,93713971858268
93647450454668,2,    0.651574,    0.108303,     2.46594,    -1.75842,93714679841512
93647450454668,2,    0.722632,    0.085868,     2.34926,    -1.86902,93715406635328
93647450454668,2,    0.781123,   0.0666821,     2.28892,    -1.93683,93716156531229
93647450454668,2,    0.824548,   0.0430804,      2.2043,    -1.99684,93716903781553
93647450454668,2,    0.849467,   0.0308226,     2.17327,    -2.06547,93717631845154
93647450454668,2,    0.834973,   0.0138494,     2.09089,    -2.13315,93718342328810
93647450454668,2,    0.808821,   0.0032975,     2.04559,    -2.15208,93718993363711
93647450454668,2,    0.775778,  -0.0140716,     1.98413,    -2.23641,93719745331300
93647450454668,2,    0.756458,  -0.0196203,     1.93126,     -2.2686,93720475147648
93647450454668,2,    0.738567,  -0.0325203,     1.90453,    -2.29339,93721245779729
93647450454668,2,    0.705134,  -0.0401399,     1.87561,    -2.32063,93721998143834
93647450454668,2,    0.669676,  -0.0422031,      1.8539,    -2.36819,93722730756186
93647450454668,2,    0.644479,  -0.0459778,     1.82829,      -2.397,93723440848463
93647450454668,2,    0.617885,  -0.0413065,     1.82192,    -2.40857,93724173422458
93647450454668,2,    0.592768,  -0.0403843,     1.83286,    -2.43831,93724945474599
93647450454668,2,    0.564029,  -0.0373411,     1.81529,    -2.46454,93725637333465
93647450454668,2,     0.52717,   -0.018995,     1.81682,    -2.49493,93726347820707
93647450454668,2,    0.509025,  0.00240681,     1.81189,    -2.52559,93727114511223
93647450454668,2,     0.49153,  0.00312564,     1.78974,    -2.53791,93727824035419
93647450454668,2,    0.465634,   0.0278998,     1.80646,    -2.56126,93728531498383
93647450454668,2,     0.43398,    0.054184,     1.76815,    -2.59803,93729222611731
93647450454668,2,    0.423489,   0.0674018,     1.71898,     -2.6637,93729914728489
93647450454668,2,    0.418649,    0.124108,     1.70823,     -2.6855,93730564894152
93647450454668,2,    0.393206,    0.170552,     1.62783,    -2.75137,93731217893372
93647450454668,2,    0.375195,    0.170954,     1.54476,    -2.82652,93731867228003
93647450454668,2,    0.361358,    0.195242,     1.46601,    -2.90609,93732496232375
93647450454668,2,    0.344561,    0.200918,     1.36685,    -2.95971,93733225603179
93647450454668,2,    0.321046,    0.185728,     1.23012,    -3.02452,93733936171793
93647450454668,2,      0.2992,    0.140483,     1.06004,    -3.06329,93734609493277
93647450454668,2,    0.277512,    0.118738,    0.971591,    -3.08203,93735257971308
93647450454668,2,    0.252894,   0.0936134,    0.795381,    -3.11105,93735909709161
93647450454668,2,    0.234432,   0.0731608,    0.704569,    -3.12091,93736596642215
93647450454668,2,    0.215836,   0.0588559,    0.617079,    -3.13085,93737544885814
93647450454668,2,       0.197,   0.0524053,    0.510899,    -3.13839,93738392528728
93647450454668,2,    0.187343,   0.0472886,    0.501645,    -3.14033,93739182179274
93647450454668,2,    0.167707,   0.0352758,    0.421524,    -3.14598,93740067699050
93647450454668,2,    0.149142,   0.0339574,    0.355474,    -3.14836,93740839988916
93647450454668,2,    0.134349,   0.0303885,    0.313225,    -3.15015,93741583909329
93647450454668,2,    0.123565,   0.0290203,    0.268553,    -3.15071,93742214913989
93647450454668,2,    0.109944,   0.0275658,    0.229337,    -3.15191,93742845432014
93647450454668,2,   0.0975339,   0.0247393,    0.188195,    -3.15279,93743693669506
93647450454668,2,   0.0843719,   0.0222519,    0.162825,    -3.15298,93744365333808
93647450454668,2,   0.0763033,   0.0214128,    0.134478,    -3.15421,93745074204423
93647450454668,2,   0.0690989,   0.0193387,   0.0994976,    -3.15635,93745785756423
93647450454668,2,   0.0533502,   0.0182942,   0.0812861,    -3.15904,93746575245601
93647450454668,2,   0.0442279,   0.0168233,   0.0589344,    -3.15946,93747303010153
93647450454668,2,   0.0382744,   0.0144168,    0.041865,    -3.15966,93748051270624
93647450454668,2,   0.0320021,   0.0127808,   0.0339245,    -3.15957,93748759167105
93647450454668,2,   0.0283276,   0.0114696,   0.0193236,    -3.15856,93749467886193
93647450454668,2,   0.0233134,  0.00951905,  0.00952862,    -3.15667,93750236804014
93647450454668,2,    0.014827,  0.00606083, -0.00177734,    -3.15696,93750966116574
93647450454668,2,    0.014827,  0.00598546, -0.00741684,    -3.15677,93751694048223
93647450454668,2,   0.0955003,   0.0627433,     3.78542,     0.56779,93752416826916
93647450454668,2,    0.181522,     0.15083,     3.77188,    0.506749,93753101923081
93647450454668,2,    0.255687,    0.236379,     3.77655,    0.530075,93753748662948
93647450454668,2,    0.330472,    0.297399,      3.7858,    0.384601,93754494453973
93647450454668,2,    0.388137,    0.339146,     3.78233,     0.26684,93755182472792
93647450454668,2,    0.438136,    0.352019,     3.75273,   0.0673744,93755888173268
93647450454668,2,    0.489386,    0.333796,     3.73614,  -0.0831492,93756653898366
93647450454668,2,    0.534191,    0.247446,     3.70043,   -0.215463,93757318182165
93647450454668,2,    0.595354,    0.202745,     3.66323,   -0.411453,93758104183820
93647450454668,2,    0.655665,    0.165145,     3.60365,   -0.539878,93758779524265
93647450454668,2,    0.729014,    0.164594,      3.6015,   -0.545832,93759432913173
93647450454668,2,    0.820667,    0.116116,      3.5364,    -0.70529,93760143233612
93647450454668,2,     0.93535,   0.0812972,     3.49846,   -0.764933,93761018749123
93647450454668,2,      1.0036,   0.0546544,     3.44016,   -0.810292,93761705383615
93647450454668,2,     0.87983,   0.0405038,     3.41079,   -0.830496,93762366201310
93647450454668,2,    0.873687,   0.0157701,     3.36782,   -0.850979,93763090638309
93647450454668,2,    0.826641,  0.00715644,     3.34456,   -0.845231,93763905030703
93647450454668,2,    0.787087, 0.000162847,     3.31999,   -0.838309,93764640707129
93647450454668,2,    0.780771, 0.000598309,     3.30081,   -0.823857,93765359829141
93647450454668,2,    0.743283, -0.00323488,     3.27391,   -0.806597,93766093283695
93647450454668,2,    0.725192,  -0.0063778,     3.26814,   -0.799657,93766812823495
93647450454668,2,     0.69393, -0.00577771,     3.24809,   -0.782814,93767509558842
93647450454668,2,    0.661818,  -0.0006733,     3.23541,   -0.748319,93768228796247
93647450454668,2,    0.639221, -0.00143245,     3.22504,   -0.736728,93768887645836
93647450454668,2,    0.617798,-0.000421524,     3.19735,   -0.714708,93769548945866
93647450454668,2,    0.609006, -0.00824194,     3.20411,    -0.69172,93770280381901
93647450454668,2,     0.60014, -0.00241443,     3.15243,    -0.66733,93771050054163
93647450454668,2,    0.593697,  0.00707387,     3.14952,   -0.664558,93771814883784
93647450454668,2,    0.587461,   0.0417544,     3.13612,   -0.646177,93772583804176
93647450454668,2,    0.610702,    0.123071,     3.12287,   -0.677028,93773291991392
93647450454668,2,    0.649299,    0.151108,     3.13135,   -0.663079,93774081990740
93647450454668,2,    0.681992,    0.159296,     3.08654,   -0.722557,93774868269674
93647450454668,2,     0.69939,    0.149412,       3.065,   -0.798686,93775524012203
93647450454668,2,    0.697336,     0.11529,     3.03503,   -0.846721,93776322115028
93647450454668,2,    0.724569,    0.116067,     3.03306,   -0.858489,93777060455155
93647450454668,2,    0.793479,   0.0782191,     3.01283,    -0.92292,93777780378464
93647450454668,2,    0.886439,    0.058043,     2.97963,   -0.961265,93778516232397
93647450454668,2,    0.977753,   0.0504145,     2.96513,   -0.961411,93779274175087
93647450454668,2,     1.06654,   0.0290896,     2.96595,   -0.969833,93780155059825
93647450454668,2,     1.14169,   0.0162156,     2.97207,   -0.956517,93781123187816
93647450454668,2,     1.18423,  0.00707759,     2.95657,    -0.93232,93781898808434
93647450454668,2,     1.20609, -0.00890867,      2.9625,   -0.925896,93782514344146
93647450454668,2,     1.20565,  0.00463415,     2.95519,   -0.869493,93783288072132
93647450454668,2,     1.18639,  0.00130171,     2.95343,   -0.825436,93783963645623
93647450454668,2,     1.15257,  0.00146632,     2.97186,   -0.716254,93784632570962
93647450454668,2,     1.13536, -0.00283948,     2.96407,   -0.672146,93785366028000
93647450454668,2,     1.11426, -0.00359436,     2.97338,     -0.6119,93786060730761
93647450454668,2,     1.09673, -0.00580625,     2.97654,   -0.555537,93786774712239
93647450454668,2,     1.06512,  -0.0145322,     2.98042,   -0.465193,93787503878596
93647450454668,2,     1.05397,  -0.0141462,     3.01675,   -0.413067,93788217610898
93647450454668,2,      1.0306,  -0.0124565,     2.99742,   -0.347024,93788952833955
93647450454668,2,     1.00566,  -0.0103018,     3.02945,    -0.29579,93789705596118
93647450454668,2,    0.974048, -0.00577438,     3.07135,    -0.15646,93790439966044
93647450454668,2,    0.957858, -0.00206096,     3.07212,   -0.108999,93791151600484
93647450454668,2,    0.934423,-0.000376983,     3.07162,  -0.0534137,93791943065824
93647450454668,2,    0.910849, -0.00154298,     3.07998,  0.00596727,93792658907957
93647450454668,2,    0.883172,  0.00595338,     3.02107,   0.0231644,93793368052317
93647450454668,2,    0.845426,  0.00910144,     2.73553,   0.0179785,93794115604961
93647450454668,2,    0.837046,   0.0135218,     2.68901,    0.020731,93794830626132
93647450454668,2,    0.816061,   0.0112878,     2.55183,   0.0163758,93795542579337
93647450454668,2,    0.790208,   0.0142201,     2.40474,   0.0122366,93796276377252
93647450454668,2,    0.769443,  0.00871011,     2.33005,   0.0123206,93796982018354
93647450454668,2,    0.735571,  0.00071292,     2.14213,  0.00174778,93797734492976
93647450454668,2,    0.708641, -0.00477766,     1.99972, -0.00351088,93798367078488
93647450454668,2,    0.684857,  0.00203013,     1.88697,  0.00139138,93799057702938
93647450454668,2,    0.656223,  0.00215898,     1.75859,-0.000623678,93799830357908
93647450454668,2,    0.631767,  0.00425353,     1.65352, 0.000831262,93800519013535
93647450454668,2,    0.608609,  0.00512541,      1.5589,  0.00327327,93801344766469
93647450454668,2,    0.579766,  0.00133515,     1.44414, 0.000974089,93801992550003
93647450454668,2,    0.550572,  -0.0020248,      1.3344, -0.00183889,93802660649116
93647450454668,2,    0.517661, -0.00513191,     1.21544, -0.00327882,93803469076663
93647450454668,2,    0.497794, -0.00283119,     1.14513,-0.000871019,93804117483172
93647450454668,2,    0.472434, -0.00662661,     1.06621, -0.00359116,93804805781623
93647450454668,2,    0.449867, -0.00583274,    0.981602, -0.00308799,93805576886396
93647450454668,2,    0.424747, -0.00706593,    0.899307, -0.00274056,93806365029278
93647450454668,2,    0.404701, -0.00453313,    0.837321, -0.00152209,93807072099289
93647450454668,2,    0.381295,  -0.0056047,    0.763801, -0.00360019,93807758910463
93647450454668,2,     0.35281,-0.000290191,     0.67904,-0.000126231,93808506054661
93647450454668,2,    0.333729, 3.65324e-05,    0.623416, 9.72169e-05,93809154096670
93647450454668,2,    0.315155,  0.00220569,    0.572154, -0.00122197,93809919580930
93647450454668,2,     0.30381, -0.00335093,    0.540733, -0.00340462,93810607770030
93647450454668,2,    0.275631, -0.00598908,    0.486015, -0.00383431,93811294940951
93647450454668,2,    0.256793, -0.00475029,    0.419244, -0.00435542,93811919227040
93647450454668,2,    0.235775, -0.00240759,     0.36801, -0.00357006,93812701089231
93647450454668,2,    0.215606, -0.00147269,    0.330628, -0.00279454,93813420903914
93647450454668,2,    0.200646, 0.000547041,    0.287404, -0.00304398,93814091732322
93647450454668,2,    0.179886,  0.00260784,    0.243845, -0.00273566,93814881663452
93647450454668,2,    0.165485,  0.00166239,    0.214563,  -0.0031506,93815620573338
93647450454668,2,     0.14981,  0.00281246,     0.20062,  -0.0056204,93816401022663
93647450454668,2,    0.132159,  0.00034136,    0.161935,  -0.0060098,93817107172780
93647450454668,2,    0.115656,-0.000323781,    0.135128, -0.00656757,93817795513456
93647450454668,2,    0.104767,  0.00234954,    0.116604, -0.00736563,93818602313579
93647450454668,2,   0.0941775, 9.34587e-05,    0.100636, -0.00943862,93819429004249
93647450454668,2,    0.077892,  -0.0002718,   0.0772058, -0.00946993,93820080741236
93647450454668,2,   0.0645361,-0.000986803,   0.0582544, -0.00743429,93820867425687
93647450454668,2,   0.0533465,   0.0025018,   0.0449353, -0.00736188,93821691108028
93647450454668,2,   0.0463816,  0.00246742,   0.0372347, -0.00918636,93822337511747
93647450454668,2,    0.035911, 0.000550931,   0.0268435, -0.00785299,93823095255196
93647450454668,2,   0.0261368, 0.000172456,    0.018325, -0.00631223,93823815729339
93647450454668,2,   0.0178339, 7.60776e-05,   0.0124242, -0.00535559,93824575026745
93647450454668,2,   0.0113762, 6.17549e-05,  0.00863412, -0.00536854,93825279288463
93647450454668,2,           0,           0,  0.00488221, -0.00606295,93826070772074
93647450454668,2,           0,   -0.183416,  0.00472827,  -0.0073626,93826769026074
93647450454668,2,           0,   -0.376027,  0.00334682, -0.00575677,93827427111055
93647450454668,2,           0,   -0.575586, 0.000707442, -0.00735754,93828281642209
93647450454668,2,           0,   -0.690297, -0.00259656, -0.00913863,93828962634685
93647450454668,2,           0,   -0.763976,-0.000856225, -0.00876622,93829738724147
93647450454668,2,           0,   -0.733021,   0.0032606, -0.00524668,93830416336769
93647450454668,2,           0,   -0.661229,   0.0048844, -0.00648969,93831097185937
93647450454668,2,           0,   -0.633141,  0.00997572, 0.000149035,93831855345991
93647450454668,2,           0,   -0.573807,    0.014363, 0.000992452,93832573220307
93647450454668,2,           0,   -0.517257,   0.0202001,  0.00239249,93833293547441
93647450454668,2,           0,   -0.457613,   0.0282183,  0.00576398,93834032240043
93647450454668,2,           0,   -0.411009,   0.0379158,   0.0100394,93834770909806
93647450454668,2,           0,   -0.356881,   0.0464468,   0.0179411,93835415217653
93647450454668,2,           0,   -0.324234,     0.04824,   0.0217165,93836133139090
93647450454668,2,           0,   -0.276345,   0.0557828,   0.0285541,93836947922313
93647450454668,2,           0,   -0.222984,   0.0566171,   0.0384215,93837663258625
93647450454668,2,           0,   -0.194692,   0.0546542,   0.0438616,93838318877350
93647450454668,2,           0,   -0.142393,   0.0606978,   0.0527286,93839042866817
93647450454668,2,           0,   -0.103843,   0.0636165,   0.0592941,93839665543634
93647450454668,2,           0,  -0.0710197,    0.067337,   0.0645203,93840360483498
93647450454668,2,           0,  -0.0359125,    0.069791,   0.0655462,93841077350461
93647450454668,2,           0,  -0.0240517,   0.0756304,   0.0679526,93841849798515
93647450454668,2,           0, -0.00478772,   0.0807402,   0.0680234,93842581823660
93842989202629,2,           0,           0,   0.0827082,   0.0681701,93843360647877
93842989202629,2,           0,           0,   0.0827082,   0.0681701,93844066111702
93842989202629,2,           0,           0,   0.0827082,   0.0681701,93844888282228
93842989202629,2,           0,   -0.226939,    -3.00993,  -0.0454647,93845640723604
93842989202629,2,           0,   -0.462736,    -2.99737,   -0.258794,93846307336532
93842989202629,2,           0,   -0.703492,    -2.99193,    -0.29737,93847117988327
93842989202629,2,           0,   -0.861382,    -2.95248,   -0.555818,93847758892957
93842989202629,2,           0,     -1.0015,    -2.91621,   -0.724953,93848501543307
93842989202629,2,           0,     -1.1004,     -2.7614,    -1.20263,93849295097070
93842989202629,2,           0,    -1.12436,    -2.55285,    -1.63246,93849995563285
93842989202629,2,           0,    -1.07444,    -2.01237,    -2.27036,93850731844358
93842989202629,2,           0,    -1.04059,    -1.81837,    -2.41761,93851466371592
93842989202629,2,           0,   -0.986868,   -0.970174,    -2.84856,93852148352955
93842989202629,2,           0,   -0.946925,   -0.659597,    -2.96311,93852852038251
93842989202629,2,           0,   -0.916566,   -0.256481,    -3.01415,93853539842799
93842989202629,2,           0,   -0.856744,    0.432172,    -2.97649,93854288585074
93842989202629,2,           0,   -0.790651,     1.00262,     -2.8652,93855062087524
93842989202629,2,           0,   -0.765983,     1.14952,    -2.77498,93855795271524
93842989202629,2,           0,   -0.697181,      1.5464,    -2.61635,93856410687589
93842989202629,2,           0,   -0.625574,     2.00869,    -2.27733,93857079605418
93842989202629,2,           0,   -0.597795,     2.02846,    -2.25141,93857889179715
93842989202629,2,           0,   -0.537952,     2.36635,    -1.87825,93858621331150
93842989202629,2,           0,   -0.480418,     2.54861,    -1.60906,93859352780486
93842989202629,2,           0,   -0.423239,     2.69468,    -1.33951,93860259332160
93842989202629,2,           0,   -0.392073,     2.76215,    -1.19448,93861087694746
93842989202629,2,           0,   -0.327981,     2.86888,   -0.905001,93861814618375
93842989202629,2,           0,   -0.308452,     2.88012,   -0.846314,93862563871477
93842989202629,2,           0,   -0.254166,     2.95652,   -0.588048,93863236256334
93842989202629,2,           0,   -0.202118,     2.99317,   -0.394449,93863967829104
93842989202629,2,           0,   -0.166739,     3.00577,     -0.2715,93864699159375
93842989202629,2,           0,   -0.122754,     3.01151,   -0.171152,93865293515348
93842989202629,2,           0,  -0.0903801,     3.01251,  -0.0979139,93866007636057
93842989202629,2,           0,   -0.076992,     3.01052,  -0.0685114,93866819556744
93842989202629,2,           0,  -0.0283864,     3.01091,   0.0180353,93867572126328
93842989202629,2,           0,           0,     3.01225,    0.049217,93868501885654
93842989202629,2,    0.235896,   0.0822155,     2.99852,   0.0309806,93869549259875
93842989202629,2,     0.36074,    0.121263,     2.99076,   0.0324788,93870120909721
93842989202629,2,    0.510249,    0.120237,     2.99279,   0.0363144,93870848524900
93842989202629,2,    0.648784,   0.0848795,     2.99289,  -0.0312012,93871579696288
93842989202629,2,    0.786228,   0.0530061,     2.99295,  -0.0757509,93872368279033
93842989202629,2,    0.901903,   0.0243261,     2.99762,   -0.106529,93873094708303
93842989202629,2,    0.993138, 0.000519377,     3.03156,   -0.129683,93873724633220
93842989202629,2,     1.08111,   -0.027557,     3.01328,   -0.147239,93874393269849
93842989202629,2,     1.16196,  -0.0478995,     2.99204,    -0.15601,93875086851395
93842989202629,2,     1.23329,  -0.0560379,      2.9992,   -0.150446,93875831764758
93842989202629,2,     1.27451,  -0.0559156,     3.01956,   -0.133481,93876504471749
93842989202629,2,     1.30249,  -0.0500469,     3.00705,   -0.123163,93877172615970
93842989202629,2,      1.3128,  -0.0487206,      3.0117,  -0.0993019,93877882096546
93842989202629,2,     1.29744,  -0.0408923,     3.01503,  -0.0816621,93878569674118
93842989202629,2,     1.28201,  -0.0398356,     3.02826,  -0.0652653,93879161814541
93842989202629,2,     1.27007,  -0.0348354,     3.02968,  -0.0493948,93879733006250
93842989202629,2,     1.25285,  -0.0221901,     3.00997,  -0.0351525,93880405207440
93842989202629,2,     1.23254, -0.00878734,     3.00472,  -0.0188583,93880998446872
93842989202629,2,     1.21425, -0.00300365,     3.02351,  -0.0112347,93881630573589
93842989202629,2,     1.19682, 0.000668679,     3.01498, -0.00788122,93882261145073
93842989202629,2,     1.18049,  0.00278469,     3.01758, -0.00789492,93882872307122
93842989202629,2,      1.1588,  0.00185639,     3.00763, -0.00877042,93883464671000
93842989202629,2,     1.13416,  0.00488124,     3.01359, -0.00469276,93884135442020
93842989202629,2,     1.12121,  0.00207207,     3.02406, -0.00801423,93884745680114
93842989202629,2,     1.09804,  0.00182664,     3.01854,   -0.013346,93885394371238
93842989202629,2,     1.08215,  0.00116723,     2.99989,  -0.0130498,93886081711139
93842989202629,2,     1.05391,  -0.0034982,      3.0157,  -0.0132797,93886669130586
93842989202629,2,     1.03171, -0.00452824,     3.00804,  -0.0166385,93887294750856
93842989202629,2,     1.00435, -0.00439006,     3.02953,  -0.0150566,93887920971185
93842989202629,2,    0.993089, -0.00625627,     3.02648,  -0.0124353,93888509645724
93842989202629,2,    0.961327,-0.000287519,     3.00747,  -0.0078341,93889197244790
93842989202629,2,    0.944095, -0.00219896,     3.02542,  -0.0146461,93889925827574
93842989202629,2,    0.922698, 0.000951605,     3.03497, -0.00453647,93890532755941
93842989202629,2,    0.901053, -0.00215651,     3.01773, -0.00887248,93891202544585
93842989202629,2,    0.882733,-0.000390161,     3.02448, -0.00666713,93891829792707
93842989202629,2,    0.867683,  -0.0028241,      3.0201,  -0.0104133,93892458667358
93842989202629,2,    0.848464,   0.0028496,     3.02323,  -0.0025753,93893126955493
93842989202629,2,    0.828858,  0.00054278,     3.00997, -0.00330107,93893755219602
93842989202629,2,    0.814178, 0.000836097,     3.03655, -0.00177599,93894382031125
93842989202629,2,    0.793631, -0.00100418,     2.94129, -0.00845612,93895089098282
93842989202629,2,     0.78094,  0.00107671,     2.85447, -0.00824832,93895776144797
93842989202629,2,    0.772359,   0.0042629,     2.75185, -0.00486983,93896424588799
93842989202629,2,    0.751224, -0.00154958,     2.57374, -0.00838157,93897051094743
93842989202629,2,    0.740761,-0.000342242,     2.51981, -0.00505548,93897760071922
93842989202629,2,    0.726595,  0.00137766,     2.35302, -0.00495167,93898426636470
93842989202629,2,    0.713846,-0.000515624,     2.22045, -0.00702335,93899056035920
93842989202629,2,    0.702854, -0.00424809,     2.10711, -0.00756752,93899743579847
93842989202629,2,    0.685527, -0.00380181,     1.96031, -0.00608896,93900450037016
93842989202629,2,    0.679103, -0.00095201,     1.89134, -0.00215622,93901176440611
93842989202629,2,    0.667872, -0.00593528,     1.76428, -0.00482753,93902055573393
93842989202629,2,    0.661935,   0.0011485,     1.65543, -0.00275798,93902900142445
93842989202629,2,    0.647454,  0.00330786,     1.53457,  0.00132747,93903623729361
93842989202629,2,      0.6424,  0.00628102,     1.45716,  0.00321663,93904287899135
93842989202629,2,    0.631838,  0.00942855,      1.3025,  0.00533002,93904921441989
93842989202629,2,    0.623716,  0.00276976,     1.19665,  0.00166264,93905567655371
93842989202629,2,    0.616317, 0.000593323,     1.11913, 0.000918551,93906149143109
93842989202629,2,    0.613539,-0.000971292,     1.03374, 0.000825105,93906733993101
93842989202629,2,    0.608643, -0.00137797,    0.907627,  0.00130072,93907353962550
93842989202629,2,    0.644669,  0.00421393,     0.77244,  0.00389771,93907955181407
93842989202629,2,    0.679166,  0.00870188,    0.670027,  0.00375923,93908613468772
93842989202629,2,    0.715836,   0.0111958,    0.577932,  0.00408124,93909273770214
93842989202629,2,    0.736917,   0.0114302,    0.477039,  0.00303574,93909859599310
93842989202629,2,    0.726638,   0.0107654,    0.361769,  0.00306782,93910460637389
93842989202629,2,    0.705268,    0.010396,    0.245797,  0.00429107,93911157398092
93842989202629,2,    0.676833,   0.0102792,   0.0947688,  0.00494655,93911759430166
93842989202629,2,    0.649847,  0.00576131,     3.05074,  -0.0108411,93912403563324
93842989202629,2,    0.630002,   0.0021294,     3.00551,  -0.0150814,93913019516477
93842989202629,2,    0.601385,  0.00665886,     3.00902,    -0.01856,93913706373184
93842989202629,2,    0.580692,   0.0119773,     3.03016,  -0.0192676,93914376354596
93842989202629,2,    0.481692,  0.00946557,     3.01647,   -0.026268,93915046441216
93842989202629,2,    0.470194,  0.00719835,     3.03278,  -0.0340232,93915680015393
93842989202629,2,    0.485485,  0.00378823,     2.99693,  -0.0342447,93916333804640
93842989202629,2,      0.4867,-0.000987353,     2.98892,  -0.0358096,93917046332477
93842989202629,2,    0.482421,  -0.0102932,      3.0221,   -0.036934,93917679674519
93842989202629,2,    0.452977,  -0.0339661,     3.03259,  -0.0254524,93918371145655
93842989202629,2,    0.465087,   -0.107923,     3.01461,  0.00396333,93918987339022
93842989202629,2,     0.42323,   -0.136161,     3.01715,   0.0470883,93919600573262
93842989202629,2,    0.396611,    -0.17557,     2.99179,    0.116062,93920274395362
93842989202629,2,    0.371214,   -0.180443,     3.00762,    0.255503,93920887933289
93842989202629,2,    0.351283,   -0.153861,      2.9907,    0.305101,93921589461639
93842989202629,2,    0.305614,   -0.140865,     2.96436,    0.462174,93922189924109
93842989202629,2,    0.290517,    -0.11718,     2.97572,    0.545044,93922892698820
93842989202629,2,    0.259422,  -0.0981591,     2.93796,    0.619918,93923608412437
93842989202629,2,    0.229347,  -0.0819335,     2.92996,    0.707279,93924270341169
93842989202629,2,    0.214476,  -0.0697286,     2.94231,    0.743201,93924908496413
93842989202629,2,         0.2,  -0.0581085,     2.89761,    0.804916,93925556760869
93842989202629,2,         0.2,  -0.0486673,     2.88157,    0.839095,93926181618796
93842989202629,2,         0.2,  -0.0411268,     2.89522,    0.884478,93926830379604
93842989202629,2,         0.2,  -0.0331258,     2.87115,    0.916416,93927458524639
93842989202629,2,         0.2,  -0.0285541,     2.87578,    0.945705,93928123116836
93842989202629,2,    0.240312, -0.00939219,     2.86236,    0.961242,93928752522111
93842989202629,2,         0.2,  -0.0267235,     2.85008,    0.981148,93929375966101
93842989202629,2,         0.2,  -0.0288043,     2.86223,    0.999794,93930113170715
93842989202629,2,         0.2,  -0.0258458,     2.83353,      1.0246,93930815651958
93842989202629,2,    0.288863,  -0.0106396,     2.81852,     1.03557,93931598136459
93842989202629,2,    0.377868, -0.00283737,     2.84514,     1.06039,93932382595623
93842989202629,2,    0.453336,  -0.0168734,     2.82492,     1.05818,93933173535345
93842989202629,2,    0.495602,  -0.0516969,     2.81777,     1.09247,93933942418326
93842989202629,2,    0.468478,  -0.0802506,     2.80412,     1.12355,93934751710164
93842989202629,2,    0.520919,   -0.110544,     2.77666,     1.18968,93935500894174
93842989202629,2,    0.552468,   -0.118037,     2.76979,     1.25811,93936246489401
93842989202629,2,     0.51427,   -0.104967,     2.71716,     1.31634,93936899317777
93842989202629,2,    0.558204,  -0.0868432,     2.67711,     1.41084,93937647384258
93842989202629,2,    0.547875,  -0.0530139,     2.64357,     1.48869,93938377496469
93842989202629,2,    0.574115,   -0.021799,     2.62367,     1.52253,93939181482573
93842989202629,2,    0.609728,   0.0209447,     2.61176,     1.57813,93939835826337
93842989202629,2,    0.637915,   0.0497375,     2.58891,     1.59964,93940646900394
93842989202629,2,    0.643105,   0.0621231,     2.59301,      1.6102,93941358237794
93842989202629,2,    0.625135,   0.0798322,     2.58905,     1.61426,93942088994663
93842989202629,2,    0.508135,   0.0781337,      2.6171,     1.61452,93942857598371
93842989202629,2,    0.435857,   0.0746507,     2.63052,     1.60566,93943569997482
93842989202629,2,    0.410888,    0.106898,     2.63704,     1.58349,93944344154062
93842989202629,2,    0.418756,    0.142493,     2.65436,     1.54504,93945151200908
93842989202629,2,    0.443679,    0.183012,     2.71094,      1.4971,93945923618749
93842989202629,2,    0.461019,    0.208201,     2.74262,      1.4447,93946716230200
93842989202629,2,    0.459817,    0.227723,      2.7634,      1.3653,93947389698139
93842989202629,2,     0.45534,    0.262115,     2.83631,     1.25283,93948060907775
93842989202629,2,    0.452877,    0.284528,     2.88315,      1.1555,93948888853895
93842989202629,2,     0.45023,    0.333306,     2.92719,      1.0159,93949602260688
93842989202629,2,    0.446976,    0.383508,     2.98861,    0.833344,93950310293392
93842989202629,2,    0.445973,    0.390286,     3.02211,    0.661519,93951081093256
93842989202629,2,    0.422768,    0.335322,     3.07072,    0.434874,93951851270161
93842989202629,2,    0.427081,    0.287887,     3.09305,    0.220719,93952560950575
93842989202629,2,    0.454209,    0.215069,     3.10082,     0.14985,93953353156450
93842989202629,2,    0.493997,      0.1689,     3.10475,  -0.0192969,93954045615010
93842989202629,2,    0.573424,    0.104228,     3.07656,   -0.159349,93954816097818
93842989202629,2,    0.653743,   0.0787535,     3.07375,   -0.237467,93955506874281
93842989202629,2,     0.74021,   0.0641607,     3.06381,   -0.317085,93956197553545
93842989202629,2,    0.820059,   0.0563339,     3.03358,   -0.403916,93956929745515
93842989202629,2,    0.884671,     0.04495,     3.02572,   -0.438015,93957642235140
93842989202629,2,    0.936486,   0.0338092,     2.99468,   -0.535283,93958353603614
93842989202629,2,    0.977351,   0.0262178,     2.99121,   -0.611498,93959143007421
93842989202629,2,    0.992031,   0.0199103,     2.98697,   -0.616667,93959874775782
93842989202629,2,    0.968801,   0.0204568,     2.96151,   -0.702583,93960528648321
93842989202629,2,    0.950727,   0.0174825,     2.93978,   -0.736969,93961199215474
93842989202629,2,    0.918547,   0.0107161,     2.92213,   -0.797879,93961907062410
93842989202629,2,  0.00380886, 0.000130074,     2.91343,   -0.844938,93963762702949
93842989202629,2, 9.01563e-05, 2.58311e-06,     2.90098,   -0.871665,93964432742429
93842989202629,2,   0.0881246,  0.00291509,     2.90098,   -0.916017,93965185213060
93842989202629,2,    0.227164, -0.00571804,     2.87756,   -0.919918,93965990176712
93842989202629,2,    0.331931, -0.00930841,     2.83782,   -0.917034,93966661466059
93842989202629,2,    0.424122,  -0.0121082,     2.79965,   -0.917133,93967316352361
93842989202629,2,    0.520549, -0.00462457,     2.73859,   -0.910878,93968083117414
93842989202629,2,    0.599495, -0.00268141,     2.65703,   -0.909106,93968815467345
93842989202629,2,    0.668357,   0.0040587,     2.62554,   -0.903127,93969583424600
93842989202629,2,    0.717587,  0.00862648,     2.42553,   -0.906799,93970296072253
93842989202629,2,    0.751903,   0.0152246,     2.41732,   -0.900847,93970989036132
93842989202629,2,    0.760956,    0.017486,     2.24763,   -0.903645,93971642737876
93842989202629,2,    0.733709,  0.00824835,     2.11365,   -0.912613,93972432902312
93842989202629,2,     0.71201, -0.00410651,     2.03275,   -0.922333,93973123196373
93842989202629,2,    0.676392, -0.00953803,      1.8649,   -0.924673,93973840134523
93842989202629,2,    0.642362,  -0.0127855,     1.72046,   -0.928063,93974558538453
93842989202629,2,    0.627522,  -0.0117285,     1.63753,   -0.927549,93975289748887
93842989202629,2,    0.594648, -0.00637644,     1.52511,   -0.923493,93976023067908
93842989202629,2,    0.572476, -0.00603708,     1.41746,   -0.922569,93976721014834
93842989202629,2,    0.544838, -0.00177574,     1.31549,   -0.919776,93977553279123
93842989202629,2,    0.516288,-0.000573685,      1.2338,   -0.920037,93978267478166
93842989202629,2,    0.495786,  0.00296157,     1.14104,   -0.916465,93979004255736
93842989202629,2,    0.481605,  0.00649109,     1.09305,   -0.916937,93979757968475
93842989202629,2,    0.448961, 0.000851867,    0.981973,    -0.92044,93980492946376
93842989202629,2,    0.425725,  0.00193787,    0.927384,   -0.920845,93981247068926
93842989202629,2,    0.404426,  0.00105413,    0.850288,   -0.922351,93981942654049
93842989202629,2,    0.377676, 0.000241334,    0.754542,    -0.92281,93982733859222
93842989202629,2,    0.358261,  0.00249175,    0.696667,   -0.922495,93983448299853
93842989202629,2,    0.338506,  0.00255401,    0.649039,   -0.922843,93984202999011
93842989202629,2,    0.311094,  0.00353191,    0.578312,   -0.922982,93984918657564
93842989202629,2,    0.289619,  0.00275859,    0.509989,   -0.924189,93985692211034
93842989202629,2,    0.266723,  0.00194427,     0.46274,   -0.925341,93986386874009
93842989202629,2,    0.255178,  0.00153948,     0.41549,   -0.924921,93987106083557
93842989202629,2,    0.236197,   0.0017716,    0.369327,   -0.926704,93987882976263
93842989202629,2,    0.209715,  0.00220398,    0.308673,   -0.927234,93988582717511
93842989202629,2,    0.196767,  0.00130246,    0.289097,    -0.92669,93989336725700
93842989202629,2,    0.189558, 0.000194085,    0.263603,   -0.927543,93990055145242
93842989202629,2,    0.169987,  0.00169503,    0.229039,   -0.926395,93990772368841
93842989202629,2,    0.156727,  0.00374714,    0.197195,   -0.926461,93991372726266
93842989202629,2,     0.13506,  0.00282754,    0.166085,   -0.925113,93992090941785
93842989202629,2,      0.1217,  0.00278525,    0.138872,    -0.92663,93992904951722
93842989202629,2,    0.106728,  0.00320117,    0.109745,   -0.927296,93993622629640
93842989202629,2,   0.0913166,  0.00322653,   0.0862678,    -0.92757,93994302544053
93842989202629,2,   0.0743024,   0.0016631,   0.0623232,   -0.929348,93995094843494
93842989202629,2,   0.0670291,  0.00116685,   0.0531613,   -0.929245,93995772657781
93842989202629,2,   0.0583798, 0.000596494,   0.0420077,   -0.927972,93996510686596
93842989202629,2,   0.0469097,   0.0013152,   0.0317933,   -0.929533,93997246901140
93842989202629,2,   0.0328734, 0.000425569,   0.0185858,   -0.928512,93998026181108
93842989202629,2,   0.0225683, 0.000152581,   0.0137154,   -0.929517,93998920331916
93842989202629,2,    0.101724, -0.00437855,     3.24685, -0.00895855,93999577473756
93842989202629,2,    0.251251, -0.00474453,     3.26441, -0.00193847,94000329033742
93842989202629,2,    0.375176, -0.00744323,     3.25386, -0.00111655,94001003240612
93842989202629,2,    0.499219,  -0.0132201,     3.24478, -0.00735182,94001740467694
93842989202629,2,    0.608919, -0.00990137,     3.24287,-0.000413693,94002452425819
93842989202629,2,    0.712803,  -0.0142932,     3.24778, -0.00629274,94003199553328
93842989202629,2,    0.797028, -0.00907792,     3.22715,  0.00239168,94003886873276
93842989202629,2,    0.872097, -0.00675055,     3.20004,  0.00169702,94004597701898
93842989202629,2,    0.934719, -0.00152486,     3.19957,   0.0101506,94005308159437
93842989202629,2,    0.979965,   0.0106766,     3.16972,   0.0177185,94005955107968
93842989202629,2,     1.01455,   0.0189969,      3.1776,   0.0245388,94006681167281
93842989202629,2,     1.02719,  0.00296831,     3.13046,  0.00709645,94007410019775
93842989202629,2,      1.0095, -0.00102983,      3.1259,  0.00608377,94008056019235
93842989202629,2,    0.985096, -0.00505511,     3.09354,  0.00589866,94008743542900
93842989202629,2,    0.962862, -0.00561328,     3.07786,  0.00814744,94009436407956
93842989202629,2,    0.945421, -0.00599254,     3.05634,   0.0215026,94010187430545
93842989202629,2,    0.927404, -0.00134086,     3.03959,   0.0370978,94010983067315
93842989202629,2,     0.90584, -0.00234763,     3.05271,   0.0703271,94011657233205
93842989202629,2,    0.890722,  0.00223274,     3.03116,   0.0884413,94012429107015
93842989202629,2,    0.876231, -0.00239859,     3.02194,    0.116519,94013182841841
93842989202629,2,    0.862073, -0.00761136,     3.01543,    0.141917,94013995830390
93842989202629,2,    0.837377, -0.00423719,     3.00016,    0.220988,94014707388795
93842989202629,2,    0.821882,  -0.0027934,     3.00401,     0.29065,94015477593567
93842989202629,2,    0.806026, -0.00262866,     2.99195,    0.366681,94016251672159
93842989202629,2,    0.794849, -0.00454694,     2.97512,    0.435461,94016983583305
93842989202629,2,    0.784355,   -0.016747,     2.97242,    0.498691,94017733712299
93842989202629,2,    0.766692,  0.00276081,      2.9434,    0.640547,94018424975291
93842989202629,2,    0.748461,     0.01274,     2.92303,    0.692534,94019233909122
93842989202629,2,    0.716009,   0.0180681,     2.86115,    0.882639,94020283401458
93842989202629,2,    0.703582,   0.0201434,      2.8614,    0.938834,94020994352171
93842989202629,2,    0.670706,   0.0305759,     2.82444,     1.04157,94021903084911
93842989202629,2,    0.649053,   0.0365345,     2.81072,     1.08852,94022596490339
93842989202629,2,    0.608349,   0.0405941,     2.76157,     1.20611,94023346805396
93842989202629,2,    0.564843,   0.0461941,     2.75827,     1.26606,94023996544130
93842989202629,2,    0.529131,   0.0491639,     2.69988,     1.29574,94024705788756
93842989202629,2,    0.496119,   0.0697962,     2.69716,     1.38169,94025466259499
93842989202629,2,    0.465617,    0.078646,     2.66403,     1.42935,94026238618065
93842989202629,2,    0.430557,   0.0818086,     2.65439,     1.44791,94026918427571
93842989202629,2,    0.410311,   0.0869733,     2.64409,     1.46383,94027654435325
93842989202629,2,    0.382604,   0.0913717,     2.63691,     1.46887,94028409287375
93842989202629,2,    0.360788,    0.100553,     2.62445,      1.4771,94029147147997
93842989202629,2,    0.352179,    0.102328,     2.60978,     1.46415,94029883128692
93842989202629,2,    0.357638,    0.111844,     2.62148,      1.4708,94030581850384
93842989202629,2,    0.349739,    0.108215,     2.63583,     1.46081,94031395418502
93842989202629,2,    0.353823,    0.118084,     2.63433,     1.43633,94032055498348
93842989202629,2,    0.350955,    0.119338,     2.60739,     1.39256,94032774794372
93842989202629,2,    0.353559,    0.112904,     2.57601,     1.34841,94033474220871
93842989202629,2,    0.350457,    0.108467,     2.54053,     1.29023,94034210444518
93842989202629,2,    0.350704,    0.104464,     2.51335,     1.24173,94034965726169
93842989202629,2,     0.35191,    0.112862,     2.47477,     1.18588,94035643606283
93842989202629,2,    0.352466,    0.129287,     2.45339,      1.1739,94036325574231
93842989202629,2,    0.357007,    0.150647,     2.40919,     1.08242,94037181871920
93842989202629,2,    0.357623,    0.149075,     2.38538,      1.0399,94037863902393
93842989202629,2,    0.352665,     0.15488,     2.34529,    0.975361,94038602240132
93842989202629,2,    0.356329,    0.162509,     2.32998,    0.949589,94039183259554
93842989202629,2,    0.358507,    0.164934,     2.29648,    0.890847,94039984392564
93842989202629,2,    0.349056,    0.139982,     2.24426,    0.803896,94040918855273
93842989202629,2,    0.353263,    0.129336,     2.20739,    0.744557,94041500278540
93842989202629,2,    0.352059,    0.136327,     2.17178,    0.708618,94042205007771
93842989202629,2,    0.353132,     0.13349,     2.12274,    0.639636,94042980486220
93842989202629,2,    0.355094,    0.139224,     2.09297,    0.602822,94043702250213
93842989202629,2,    0.354506,    0.123327,     2.05264,    0.553279,94044480482663
93842989202629,2,    0.350983,    0.120529,     2.00414,    0.504769,94045164123161
93842989202629,2,    0.352604,    0.115384,     1.95384,    0.461744,94045884823930
93842989202629,2,    0.354804,    0.118691,      1.9054,    0.422939,94046665155318
93842989202629,2,    0.351559,    0.112182,     1.85366,     0.38288,94047307048133
93842989202629,2,    0.355685,    0.101574,     1.81047,     0.34823,94047985994853
93842989202629,2,    0.353948,    0.110281,     1.76275,    0.316891,94048724617636
93842989202629,2,    0.356207,    0.107049,     1.73046,    0.297343,94049427407729
93842989202629,2,    0.353334,   0.0969248,     1.65833,    0.257161,94050142529606
93842989202629,2,    0.354978,   0.0882277,     1.60723,    0.229069,94050842429490
93842989202629,2,     0.35795,   0.0901308,      1.5442,    0.202429,94051464825952
93842989202629,2,    0.356887,   0.0807555,      1.4931,    0.179192,94052163446948
93842989202629,2,    0.352015,   0.0872796,     1.43397,    0.161316,94052979364139
93842989202629,2,    0.365845,   0.0845851,     1.37469,    0.139608,94053681879058
93842989202629,2,    0.390289,    0.073654,     1.33891,    0.121106,94054324169406
93842989202629,2,    0.422828,   0.0650033,      1.2403,   0.0947052,94055121152086
93842989202629,2,    0.466185,   0.0663516,     1.17463,   0.0802249,94055911731094
93842989202629,2,    0.485914,   0.0717623,     1.13862,   0.0737672,94056714565542
93842989202629,2,    0.459177,   0.0539985,     1.01349,   0.0544236,94057394694975
93842989202629,2,    0.449184,   0.0526964,    0.955082,   0.0465849,94058080397981
93842989202629,2,    0.410693,    0.034869,    0.858926,   0.0368521,94058939759528
93842989202629,2,    0.392614,   0.0207698,    0.803729,    0.032458,94059566011226
93842989202629,2,    0.365296,  0.00413037,    0.705048,   0.0297546,94060210639509
93842989202629,2,    0.353409, -0.00272267,    0.687523,    0.029498,94060950736801
93842989202629,2,    0.322469,  -0.0120537,    0.601471,   0.0286163,94061715596059
93842989202629,2,    0.300388,  -0.0129474,    0.540303,   0.0307492,94062495311530
93842989202629,2,    0.284929,   0.0117949,    0.498407,   0.0314927,94063220475293
93842989202629,2,    0.270026,  0.00601343,    0.462492,   0.0319738,94063923280881
93842989202629,2,    0.246748,-0.000324161,    0.405304,   0.0323276,94064573153548
93842989202629,2,    0.229623, -0.00725176,    0.376643,   0.0291781,94065276593337
93842989202629,2,    0.208177,  -0.0115536,    0.328112,   0.0294696,94065956226930
93842989202629,2,    0.193825,  -0.0111274,    0.290692,   0.0292632,94066644611435
93842989202629,2,    0.178904,  -0.0134606,     0.25272,   0.0301932,94067331149955
93842989202629,2,    0.161967,  -0.0128524,    0.226526,   0.0316914,94068097630725
93842989202629,2,    0.150566, -0.00937464,    0.203035,    0.031952,94068864871097
93842989202629,2,     0.13371, -0.00412248,    0.164157,   0.0305299,94069570040528
93842989202629,2,    0.115684,  0.00707601,    0.138128,   0.0292792,94070277786451
93842989202629,2,     0.10624,   0.0229767,    0.123664,   0.0299985,94070998922973
93842989202629,2,   0.0917836,   0.0525145,     0.10019,   0.0285766,94071666310255
93842989202629,2,   0.0827375,   0.0781338,   0.0875375,   0.0273595,94072292402221
93842989202629,2,   0.0786529,   0.0909014,   0.0779798,   0.0282408,94073024642807
93842989202629,2,   0.0701903,   0.0943399,   0.0669359,   0.0278513,94073691627878
93842989202629,2,    0.059115,   0.0780119,   0.0567213,   0.0269367,94074337659588
93842989202629,2,   0.0518663,   0.0631192,   0.0453969,   0.0286571,94074980308587
93842989202629,2,   0.0460384,   0.0891578,   0.0374279,   0.0285975,94075742352865
93842989202629,2,   0.0405527,   0.0972607,   0.0314756,   0.0269993,94076540864974
93842989202629,2,   0.0331003,   0.0909489,   0.0250499,   0.0273657,94077218760570
93842989202629,2,    0.026961,   0.0798052,    0.019809,    0.026545,94077840315203
93842989202629,2,   0.0163557,   0.0513833,   0.0127796,   0.0291724,94078523122008
93842989202629,2,  0.00256557,   0.0085087,   0.0068076,   0.0275365,94079223517897
93842989202629,2,           0,  -0.0470426,  0.00482016,   0.0250393,94079940954073
93842989202629,2,           0,  -0.0890534,  0.00114572,   0.0238551,94080653096375
93842989202629,2,           0,   -0.089146,-0.000694561,   0.0240009,94081312858200
93842989202629,2,           0,  -0.0611686,  -0.0019663,   0.0236381,94081991265571
93842989202629,2,           0,  -0.0528175, -0.00388766,   0.0267079,94082695880021
93842989202629,2,           0,  -0.0299779, -0.00636447,   0.0253561,94083413898479
93842989202629,2,           0, -0.00630652, -0.00690055,   0.0259929,94084053053493
94084904983133,2,           0,           0,     2.18389,     2.09158,94084904983156
94084904983133,2,           0,           0,     2.18336,     2.09245,94085647412669
94084904983133,2,           0,           0,     2.18336,     2.09245,94086329934268
94084904983133,2,           0,   0.0353729,     2.18102,     2.09451,94087054722421
94084904983133,2,           0,    0.168717,     2.19427,     2.08151,94087747425827
94084904983133,2,           0,    0.270214,      2.1971,     2.08399,94088477173774
94084904983133,2,           0,    0.319007,     2.28921,     1.98379,94089187716018
94084904983133,2,           0,    0.301775,     2.36903,     1.88775,94089942422053
94084904983133,2,           0,     0.25496,     2.45656,       1.767,94090637272858
94084904983133,2,           0,    0.225944,     2.53396,     1.65012,94091348366262
94084904983133,2,           0,    0.183713,     2.60692,     1.52901,94092040837826
94084904983133,2,           0,    0.146412,     2.65257,     1.44088,94092737376777
94084904983133,2,           0,    0.118928,     2.68011,     1.38217,94093428609396
94084904983133,2,           0,   0.0728651,     2.71701,     1.29782,94094199103896
94084904983133,2,           0,   0.0475468,     2.73148,     1.25785,94094925791006
94084904983133,2,           0,   0.0185296,     2.74386,     1.22342,94095634965983
94084904983133,2,           0,           0,     2.74795,     1.20991,94096347601562
94084904983133,2,   0.0914831,   0.0344938,     2.75645,     1.19767,94097078697664
94084904983133,2,    0.169626,   0.0651991,     2.76993,      1.2241,94097710317374
94084904983133,2,    0.239035,   0.0723614,      2.7632,     1.20885,94098402576704
94084904983133,2,    0.297176,   0.0734288,     2.75995,     1.19779,94099094917903
94084904983133,2,    0.347236,   0.0636178,     2.76999,     1.22541,94099824176050
94084904983133,2,    0.382039,    0.052606,     2.75835,     1.23848,94100516325662
94084904983133,2,    0.400326,   0.0300913,     2.74624,     1.28915,94101228837031
94084904983133,2,    0.396898,   0.0213983,     2.71887,     1.30993,94101937120538
94084904983133,2,    0.377621,   0.0228721,     2.69279,     1.37461,94102802717058
94084904983133,2,      0.2504,   0.0183338,      2.6682,     1.39892,94104001565038
94084904983133,2,   0.0135939,   0.0001363,     2.67322,     1.42517,94105103583111
94084904983133,2, 0.000325483,-3.31115e-06,     2.64319,     1.43251,94105812582487
94084904983133,2,    0.068563, 0.000950885,     2.63955,     1.47111,94106521897688
94084904983133,2,    0.143619,   0.0169113,     2.62484,     1.47191,94107253241308
94084904983133,2,     0.20703,   0.0363518,     2.62877,     1.50881,94107983908281
94084904983133,2,     0.25416,   0.0418138,     2.62748,     1.50876,94108632337323
94084904983133,2,    0.294731,   0.0400837,     2.60786,     1.51688,94109324642204
94084904983133,2,    0.323988,   0.0368647,     2.59024,     1.52582,94110016739155
94084904983133,2,    0.344429,   0.0313323,     2.57372,     1.54003,94110726100970
94084904983133,2,    0.351126,   0.0461531,      2.5651,     1.55797,94111436370552
94084904983133,2,    0.346498,   0.0494512,      2.5384,      1.5865,94112166728353
94084904983133,2,    0.350035,   0.0578754,     2.53737,     1.61678,94112935206381
94084904983133,2,    0.352672,   0.0666611,     2.52895,     1.65096,94113544941069
94084904983133,2,    0.350449,   0.0703176,     2.50662,     1.65124,94114274955648
94084904983133,2,    0.357014,    0.090447,     2.51182,     1.67691,94115025260398
94084904983133,2,    0.357002,   0.0918429,     2.48898,     1.66064,94115873500978
94084904983133,2,     0.35887,    0.101034,     2.47702,     1.66068,94116505345986
94084904983133,2,    0.355845,     0.10296,     2.47341,     1.65543,94117255481310
94084904983133,2,    0.358532,    0.123887,     2.49341,     1.67036,94117985612444
94084904983133,2,    0.358281,    0.117978,     2.49807,     1.64392,94118673901847
94084904983133,2,    0.351414,    0.106811,      2.5158,     1.62159,94119404478221
94084904983133,2,    0.359607,    0.130648,     2.49986,     1.59639,94120189851956
94084904983133,2,    0.347188,     0.13115,     2.50355,     1.57837,94120959315218
94084904983133,2,    0.360578,    0.148066,     2.53378,     1.55148,94121671191887
94084904983133,2,    0.359871,    0.167084,     2.54034,     1.53588,94122441362252
94084904983133,2,    0.341307,    0.158844,     2.57155,       1.453,94123154836045
94084904983133,2,    0.333929,    0.148473,     2.59299,     1.43227,94123905219047
94084904983133,2,    0.326438,    0.142755,     2.62481,     1.40382,94124615158624
94084904983133,2,    0.317605,    0.171321,     2.65393,     1.34068,94125407507449
94084904983133,2,    0.307948,    0.170879,     2.66824,     1.28309,94126139324194
94084904983133,2,    0.293927,    0.168521,     2.69639,     1.24633,94126950905024
94084904983133,2,    0.274013,    0.158428,     2.70846,     1.18882,94127621290423
94084904983133,2,    0.237065,    0.133708,     2.74878,     1.13588,94128331912732
94084904983133,2,    0.213776,    0.119631,     2.76219,     1.09167,94129037786844
94084904983133,2,    0.202237,    0.109048,     2.78515,     1.03189,94129844727125
94084904983133,2,    0.202237,    0.105133,     2.79719,    0.981817,94130611054131
94084904983133,2,    0.206951,    0.104592,     2.83255,    0.942889,94131321080460
94084904983133,2,    0.255321,    0.126209,     2.84305,    0.903303,94131991767747
94084904983133,2,      0.2963,     0.13404,     2.84746,    0.853983,94132704941954
94084904983133,2,    0.324632,    0.137774,     2.87212,    0.807406,94133356080152
94084904983133,2,    0.345922,    0.127186,     2.88663,    0.766565,94134108273433
94084904983133,2,    0.356486,    0.117594,     2.90094,    0.704366,94134738393367
94084904983133,2,    0.347986,    0.102556,     2.93519,    0.658718,94135410989933
94084904983133,2,    0.342669,   0.0979036,     2.93474,    0.605651,94136159770505
94084904983133,2,    0.348921,    0.102112,     2.93799,     0.56843,94136968822704
94084904983133,2,    0.360811,    0.112043,     2.95577,    0.524693,94137659780088
94084904983133,2,    0.363836,    0.100558,     2.95166,    0.447527,94138309759563
94084904983133,2,    0.369908,   0.0997418,     2.97434,    0.390765,94139058772459
94084904983133,2,    0.364193,   0.0967267,     2.98363,    0.341859,94139847646458
94084904983133,2,    0.361597,    0.095026,     3.00895,    0.284374,94140731027460
94084904983133,2,    0.363398,   0.0970467,     3.01614,     0.25172,94141536889616
94084904983133,2,    0.362336,    0.101578,     2.99353,    0.213625,94142441017765
94084904983133,2,    0.369177,   0.0932769,     3.03568,    0.145712,94143189615956
94084904983133,2,    0.398858,   0.0751394,     3.03441,   0.0798571,94143917683644
94084904983133,2,    0.419609,   0.0641435,      3.0203,      0.0336,94144587674095
94084904983133,2,    0.435045,    0.054987,     3.00512,  -0.0221454,94145314967203
94084904983133,2,    0.449723,   0.0564045,     3.03892,  -0.0515989,94146141313497
94084904983133,2,    0.483293,   0.0565041,     3.01391,  -0.0978262,94146847968322
94084904983133,2,    0.555763,   0.0440476,     3.00412,    -0.12068,94147614550966
94084904983133,2,     0.56722,   0.0297192,     3.01828,   -0.183611,94148380167997
94084904983133,2,    0.647803,   0.0358539,     3.00073,   -0.199505,94149107381160
94084904983133,2,    0.717164,   0.0339149,     2.93419,   -0.212789,94149854246867
94084904983133,2,     0.74561,   0.0209039,     2.78055,   -0.234766,94150519979666
94084904983133,2,     0.63761,  0.00711605,     2.64404,   -0.248931,94151227372443
94084904983133,2,    0.539796, -0.00560327,     2.57726,   -0.255882,94152012330724
94084904983133,2,    0.496058,  -0.0119735,     2.43439,   -0.253442,94152698942790
94084904983133,2,    0.477012,  -0.0261472,     2.30362,   -0.243901,94153404501097
94084904983133,2,    0.436658,  -0.0432667,     2.26166,   -0.242338,94154148679998
94084904983133,2,    0.444911,  -0.0457603,     2.17985,   -0.228838,94154862028820
94084904983133,2,    0.445326,  -0.0477837,     2.13514,   -0.214974,94155653901441
94084904983133,2,    0.426488,  -0.0437277,     2.02682,   -0.187062,94156329888705
94084904983133,2,    0.428518,  -0.0445168,     1.96958,   -0.176048,94157005728998
94084904983133,2,    0.436655,  -0.0449918,     1.89454,   -0.158526,94157681166954
94084904983133,2,     0.42453,  -0.0446613,     1.83043,   -0.142423,94158433908789
94084904983133,2,    0.440977,  -0.0379763,      1.7561,   -0.126293,94159069971374
94084904983133,2,    0.455665,  -0.0407796,     1.70469,   -0.116873,94159767302363
94084904983133,2,    0.476719,  -0.0469159,     1.61781,    -0.10181,94160462994417
94084904983133,2,    0.521632,  -0.0375167,     1.56421,  -0.0910816,94161111880279
94084904983133,2,    0.553085,  -0.0389735,      1.4826,  -0.0795369,94161721842646
94084904983133,2,    0.568836,   -0.039135,     1.43741,  -0.0726048,94162386820456
94084904983133,2,    0.545112,  -0.0388967,     1.30628,  -0.0614995,94163132453085
94084904983133,2,     0.51738,  -0.0414766,     1.20794,  -0.0523256,94163944249301
94084904983133,2,    0.492044,  -0.0570857,     1.11899,  -0.0434236,94164654068117
94084904983133,2,    0.463945,  -0.0459883,     1.04361,  -0.0362137,94165224765029
94084904983133,2,    0.436227,  -0.0455959,      0.9885,  -0.0299034,94165948603491
94084904983133,2,      0.4107,   -0.014789,    0.877173,  -0.0221974,94166717113410
94084904983133,2,    0.380764,   0.0638161,    0.814759,  -0.0224535,94167458354782
94084904983133,2,    0.368774,    0.132263,    0.739013,  -0.0287296,94168156556141
94084904983133,2,    0.350505,    0.157124,    0.685728,  -0.0405938,94168917931467
94084904983133,2,    0.330639,    0.147911,    0.634947,  -0.0495647,94169560631660
94084904983133,2,     0.30692,    0.138367,    0.575638,  -0.0673633,94170261556026
94084904983133,2,    0.292319,    0.122641,     0.53388,  -0.0773032,94171014787913
94084904983133,2,    0.270506,    0.110524,    0.480497,  -0.0895997,94171696024464
94084904983133,2,    0.249077,    0.103028,     0.43122,  -0.0996467,94172412994801
94084904983133,2,    0.229164,   0.0943335,    0.384803,   -0.109539,94173179511398
94084904983133,2,    0.212296,   0.0851667,    0.342682,   -0.114976,94173858390551
94084904983133,2,    0.190753,   0.0746679,    0.283506,   -0.121496,94174562596940
94084904983133,2,    0.175935,   0.0681624,    0.252539,   -0.121505,94175382226471
94084904983133,2,    0.158219,   0.0609429,     0.22091,   -0.125334,94176044024312
94084904983133,2,     0.14019,   0.0537911,    0.178268,   -0.130708,94176801461150
94084904983133,2,    0.133287,   0.0502571,    0.159848,   -0.135359,94177425929911
94084904983133,2,     0.11527,   0.0436595,    0.127257,   -0.136753,94178202916272
94084904983133,2,    0.102547,   0.0389778,    0.114506,    -0.13502,94179002183091
94084904983133,2,   0.0908174,   0.0332782,   0.0952836,   -0.137298,94179779158688
94084904983133,2,   0.0799019,   0.0305988,   0.0782479,   -0.135853,94180404539593
94084904983133,2,   0.0673618,   0.0253606,   0.0685323,   -0.135378,94181089145203
94084904983133,2,   0.0592898,   0.0221871,   0.0509857,   -0.137602,94181815583668
94084904983133,2,   0.0524726,   0.0190574,   0.0444689,    -0.13933,94182500082643
94084904983133,2,   0.0402646,   0.0145965,   0.0311176,   -0.142658,94183147214819
94084904983133,2,   0.0312646,   0.0078279,   0.0224217,   -0.145014,94183916103797
94084904983133,2,   0.0258807,  0.00442565,   0.0161505,    -0.14579,94184582313313
94084904983133,2,   0.0205986,  0.00288418,   0.0126657,   -0.144847,94185305109123
94084904983133,2,   0.0131567,  0.00151127,  0.00705472,   -0.140183,94186008465253
94084904983133,2,   0.0909989,   0.0332052,     2.98834,    0.434717,94186819148625
94084904983133,2,    0.157126,   0.0530423,     2.98265,    0.426851,94187493812799
94084904983133,2,    0.213642,   0.0589785,     2.98209,     0.41793,94188170252361
94084904983133,2,    0.259851,   0.0598273,     2.98639,    0.394796,94188826493625
94084904983133,2,    0.299155,   0.0469153,     3.00186,    0.375965,94189521928053
94084904983133,2,    0.327672,   0.0408327,     3.00534,    0.364261,94190176221555
94084904983133,2,    0.350998,   0.0415385,     3.00183,    0.345759,94190951916559
94084904983133,2,    0.354598,   0.0407966,     2.99628,    0.327498,94191648007664
94084904983133,2,     0.37007,   0.0448459,     3.00326,    0.321435,94192362609629
94084904983133,2,    0.373443,   0.0425569,     2.99766,    0.296047,94193074913400
94084904983133,2,    0.364112,   0.0399343,      3.0056,    0.280619,94193850168106
94084904983133,2,    0.380133,   0.0544148,     3.00211,    0.282627,94194604253039
94084904983133,2,    0.378829,   0.0376846,     2.99995,    0.250621,94195341221487
94084904983133,2,    0.391579,   0.0362574,      3.0049,    0.234816,94196034573195
94084904983133,2,    0.398721,    0.044825,     2.99461,    0.220731,94196708805454
94084904983133,2,    0.398057,   0.0398406,     2.99078,    0.205826,94197364813724
94084904983133,2,    0.411558,    0.037092,     3.00746,    0.192611,94198178112373
94084904983133,2,    0.414626,   0.0328788,     3.00674,    0.170711,94198973564856
94084904983133,2,    0.418479,   0.0283348,     3.01051,    0.159662,94199569735220
94084904983133,2,    0.441047,   0.0274018,     3.01086,    0.140362,94200264924542
94084904983133,2,    0.447508,   0.0288996,     2.99594,    0.138033,94200919406416
94084904983133,2,    0.462238,    0.021533,     2.98507,    0.121413,94201575248308
94084904983133,2,    0.491843,   0.0211779,     3.00582,    0.109166,94202252941857
94084904983133,2,    0.509204,   0.0158033,     3.00847,    0.101561,94203025718962
94084904983133,2,    0.541011,   0.0176091,     3.02131,   0.0953995,94203738902129
94084904983133,2,    0.571364,   0.0145752,     3.00608,   0.0853191,94204393618996
94084904983133,2,    0.608995,   0.0198526,     3.01403,   0.0829064,94205129334056
94084904983133,2,     0.62854,   0.0189126,      3.0072,   0.0786102,94205842827717
94084904983133,2,    0.647524,   0.0161664,      3.0212,   0.0666238,94206495010725
94084904983133,2,     0.69736,   0.0162262,     3.01091,   0.0625252,94207130858055
94084904983133,2,     0.74632,   0.0143385,     3.00802,   0.0557739,94207787896071
94084904983133,2,    0.820225,   0.0149993,     2.99915,   0.0530246,94208419790692
94084904983133,2,    0.895055,   0.0151962,       3.007,   0.0424783,94209173217689
94084904983133,2,    0.956574,   0.0155845,     3.02081,    0.036324,94209788317101
94084904983133,2,     1.01794,   0.0116119,     3.01535,   0.0326378,94210524495656
94084904983133,2,     1.06871,  0.00888537,     3.01902,   0.0226367,94211217213285
94084904983133,2,     1.10412,  0.00932251,     3.00012,   0.0185725,94211871807997
94084904983133,2,     1.12473,  0.00595667,     3.01901,   0.0136814,94212485882332
94084904983133,2,     1.11278,  0.00315752,     3.02189,   0.0102979,94213140177029
94084904983133,2,     1.09874,  0.00185106,     3.00794,   0.0079239,94213831668010
94084904983133,2,     1.07298, -0.00114457,      3.0008,  0.00387126,94214567265366
94084904983133,2,     1.04989, -0.00276011,     3.01755,  0.00454638,94215263981045
94084904983133,2,     1.02886, -0.00182476,     3.00963,  0.00579947,94215898657116
94084904983133,2,     1.00739, -0.00385822,     3.02729,  0.00465117,94216512061901
94084904983133,2,    0.983628,  0.00226821,     3.01776,   0.0117657,94217144458703
94084904983133,2,    0.957783, 0.000682655,     3.00198,  0.00975994,94217877041150
94084904983133,2,    0.932039, -0.00102059,     3.00477,  0.00818522,94218552142675
94084904983133,2,    0.908804, -0.00314158,     3.03707,  0.00637512,94219084601958
94084904983133,2,    0.881379,   -0.003994,      2.9129,  0.00693762,94219718684356
94084904983133,2,    0.848074, -0.00403882,     2.72097,   0.0078633,94220391259319
94084904983133,2,    0.829113,  0.00125744,     2.61511,   0.0123713,94221123722923
94084904983133,2,    0.803573,  0.00216112,      2.4764,   0.0105849,94221776926702
94084904983133,2,     0.77156,  0.00328156,      2.3578,   0.0107204,94222393465795
94084904983133,2,    0.755455,  0.00410125,     2.25895,  0.00919385,94223083473414
94084904983133,2,    0.731289,  0.00146784,      2.1294,   0.0069098,94223679535552
94084904983133,2,    0.697207,  0.00160805,     1.98914,   0.0068264,94224532118408
94084904983133,2,    0.670125,  0.00147259,     1.82285,  0.00451522,94225264034813
94084904983133,2,    0.648749,  0.00155107,     1.72624,  0.00358681,94226096544591
94084904983133,2,    0.469234, 0.000107392,     1.66148,  0.00474423,94227064851145
94084904983133,2,    0.515954, -0.00360019,     1.55757,-0.000692765,94227718805824
94084904983133,2,    0.548158, -0.00152151,     1.44663, -0.00031539,94228371149959
94084904983133,2,    0.555994, 0.000566847,     1.35393, 0.000729556,94229043257419
94084904983133,2,    0.527506,  0.00330738,      1.2435,   0.0025112,94229615982894
94084904983133,2,    0.501366,  0.00183005,     1.15654, 0.000165642,94230371205284
94084904983133,2,     0.48248,  0.00255342,     1.09233, 0.000305758,94231162619234
94084904983133,2,    0.456833,-6.31515e-05,     1.00643,-0.000930895,94231835767660
94084904983133,2,    0.421391,-0.000826843,    0.890997, -0.00221892,94232487612391
94084904983133,2,     0.40247,  0.00143973,    0.848005, -0.00109094,94233257364204
94084904983133,2,    0.374646, -0.00289473,    0.748446, -0.00541099,94234047875353
94084904983133,2,    0.356084, -0.00188775,    0.694192, -0.00526237,94234778134540
94084904983133,2,    0.337123, -0.00234398,    0.648559, -0.00707023,94235490058233
94084904983133,2,    0.307784,-0.000898959,    0.568657, -0.00786942,94236195683706
94084904983133,2,    0.291225,-5.15375e-06,    0.514935, -0.00887439,94236883471745
94084904983133,2,     0.27392, -0.00540372,    0.482145, -0.00809413,94237649104580
94084904983133,2,    0.251366, -0.00211897,    0.414608, -0.00748789,94238435836137
94084904983133,2,    0.232573,  -0.0010031,    0.369645, -0.00869453,94239222710319
94084904983133,2,    0.217282,  0.00222327,    0.336095, -0.00685399,94239887328060
94084904983133,2,    0.195886,  0.00460753,    0.287909, -0.00488934,94240607660862
94084904983133,2,    0.181865,  0.00512157,    0.258136, -0.00475854,94241332955367
94084904983133,2,    0.166361,  0.00178433,    0.226732,  -0.0085719,94242035647758
94084904983133,2,      0.1488,  0.00195789,    0.191829, -0.00914743,94242736097773
94084904983133,2,    0.135307,  0.00180445,     0.17629,  -0.0103707,94243460901752
94084904983133,2,    0.123203,  0.00269403,    0.151812, -0.00912511,94244168210134
94084904983133,2,    0.109081,  0.00256414,    0.122905, -0.00853424,94244876249604
94084904983133,2,    0.095094,  0.00255185,    0.101155,  -0.0085126,94245604044166
94084904983133,2,   0.0848533,  0.00270843,   0.0946747,  -0.0107074,94246256186843
94084904983133,2,   0.0764671,  0.00276763,   0.0741688,  -0.0125623,94246909052552
94084904983133,2,   0.0619652,  0.00202697,   0.0552568,  -0.0110216,94247579335946
94084904983133,2,   0.0540262,  0.00187488,   0.0462578,  -0.0116956,94248387007830
94084904983133,2,   0.0481193,  0.00156638,   0.0397002,  -0.0107089,94249070707042
94084904983133,2,   0.0347738, 0.000515617,   0.0258566,  -0.0110994,94249813850700
94084904983133,2,   0.0269976, 0.000329463,   0.0191793,  -0.0132797,94250552029837
94084904983133,2,   0.0174518, 0.000214402,   0.0122718,  -0.0134224,94251272282691
