97105368100858,2,           0,           0,     3.00432,   -0.144205,97106073491625
97105368100858,2,           0,           0,     3.00432,   -0.144205,97106818119796
97105368100858,2,   0.0302696, -0.00111457,     3.00294,    -0.14306,97107603352721
97105368100858,2,    0.101352,  -0.0356117,     2.99922,   -0.136637,97108249936269
97105368100858,2,    0.167204,  -0.0606413,     3.00534,   -0.140589,97108941029524
97105368100858,2,    0.237941,  -0.0870697,     2.99495,   -0.128755,97109701952517
97105368100858,2,    0.310535,   -0.115424,     2.99279,   -0.079907,97110455219449
97105368100858,2,    0.314737,   -0.118005,     3.00279,   -0.031664,97111084790396
97105368100858,2,    0.314737,   -0.118557,     3.01532,  -0.0141002,97111811567134
97105368100858,2,    0.274737,   -0.104141,     3.04059,     0.06151,97112580968766
97105368100858,2,    0.274737,   -0.104538,     3.01022,    0.108957,97113267241648
97105368100858,2,    0.234737,  -0.0897024,     2.98091,    0.167305,97114130368322
97105368100858,2,    0.234737,  -0.0903887,     3.01217,    0.227089,97114856742703
97105368100858,2,    0.194737,  -0.0752904,       3.008,    0.295375,97115525784177
97105368100858,2,    0.194737,  -0.0754733,     2.99153,    0.299803,97116216350246
97105368100858,2,    0.154737,  -0.0603275,     2.95925,    0.373035,97116869230645
97105368100858,2,    0.154737,  -0.0607198,     2.96661,    0.415016,97117457465469
97105368100858,2,           0,           0,     2.95363,    0.428644,97118181429218
97105368100858,2,           0,           0,     2.95356,    0.428717,97119007095146
97105368100858,2,           0,           0,     2.95356,    0.428717,97119639188871
97105368100858,2,           0,  -0.0608371,     2.98615,    0.494838,97120388817260
97105368100858,2,           0,    -0.13486,     2.97608,    0.516791,97121073787168
97105368100858,2,           0,   -0.165736,     2.96559,    0.550581,97121801205591
97105368100858,2,           0,   -0.156674,     2.95537,    0.581908,97122472149575
97105368100858,2,           0,   -0.106195,     2.92677,    0.697341,97123181678017
97105368100858,2,           0,   -0.079665,     2.91324,    0.751614,97123892406720
97105368100858,2,           0,  -0.0303014,     2.89012,    0.823678,97124626020038
97105368100858,2,           0,           0,     2.88225,     0.85173,97125333694785
97105368100858,2,    0.080366,  -0.0316012,     2.87182,    0.875412,97126100352200
97105368100858,2,    0.142291,  -0.0563772,     2.86334,    0.887813,97126806088486
97105368100858,2,    0.172492,  -0.0688141,     2.89045,    0.910393,97127529459499
97105368100858,2,    0.190131,  -0.0765522,     2.85953,    0.939956,97128177100927
97105368100858,2,    0.199428,  -0.0764491,     2.84637,    0.952496,97128898391020
97105368100858,2,         0.2,  -0.0513708,     2.84462,     1.00959,97129627744187
97105368100858,2,         0.2,  -0.0289297,     2.79965,     1.04559,97130338638949
97105368100858,2,         0.2,  -0.0230162,     2.81295,     1.06543,97131023524441
97105368100858,2,    0.231741,  -0.0428839,      2.8189,     1.08921,97131751994711
97105368100858,2,    0.318747,   -0.069645,     2.79475,     1.11718,97132380918647
97105368100858,2,     0.40629,   -0.106047,     2.78607,      1.1525,97133070218559
97105368100858,2,    0.495754,   -0.137432,      2.7815,     1.18582,97133784844343
97105368100858,2,    0.572344,  -0.0908533,     2.72568,      1.2707,97134473568225
97105368100858,2,    0.642722,   -0.078947,     2.71881,      1.3084,97135201989633
97105368100858,2,    0.695257,  -0.0592878,     2.67567,     1.35911,97135913174366
97105368100858,2,    0.749446,  -0.0197586,     2.64807,     1.41856,97136604133758
97105368100858,2,    0.796395,  0.00824047,      2.6272,     1.44031,97137389943658
97105368100858,2,    0.827123,   0.0531752,     2.61938,     1.47524,97138076799329
97105368100858,2,    0.830962,   0.0824991,     2.59395,     1.48215,97138797707155
97105368100858,2,    0.825625,   0.0905098,     2.58124,     1.46226,97139536764350
97105368100858,2,    0.823215,   0.0973994,     2.60535,     1.45153,97140293804895
97105368100858,2,    0.820058,    0.111964,     2.62609,     1.42671,97141175948876
97105368100858,2,    0.818539,    0.106308,     2.66579,     1.39208,97142079792571
97105368100858,2,    0.816673,     0.14646,     2.66481,     1.36063,97142961004968
97105368100858,2,    0.815395,    0.167683,     2.68753,     1.30184,97143643640562
97105368100858,2,    0.815105,    0.181602,     2.72989,      1.2529,97144387107804
97105368100858,2,    0.815726,     0.19409,     2.76587,     1.14515,97145039116662
97105368100858,2,    0.816451,     0.19448,     2.82478,     1.02759,97145760158687
97105368100858,2,     0.81783,    0.210679,     2.84472,     1.00879,97146503890191
97105368100858,2,    0.819992,     0.18188,     2.89672,    0.862246,97147207565143
97105368100858,2,    0.822673,    0.156472,     2.94701,    0.718147,97147865174456
97105368100858,2,      0.8258,    0.148166,     2.96604,    0.631466,97148528759031
97105368100858,2,    0.889162,    0.102521,     3.02673,    0.472824,97149269258106
97105368100858,2,    0.945257,   0.0693338,     3.05296,    0.381146,97149912161607
97105368100858,2,     1.03033,    0.052379,     3.04974,    0.310661,97150595547927
97105368100858,2,      1.1063,   0.0402281,     3.06948,    0.243138,97151299125579
97105368100858,2,     1.17018,    0.026009,     3.09878,    0.145789,97152009039718
97105368100858,2,     1.22481,   0.0262796,     3.09003,    0.134247,97152751945013
97105368100858,2,     1.26608,   0.0233108,     3.09924,   0.0800314,97153514191970
97105368100858,2,     1.28661,   0.0181274,     3.09938,   0.0233928,97154181914728
97105368100858,2,     1.28422,   0.0165255,     3.09029, -0.00342968,97154851721078
97105368100858,2,     1.26596,   0.0157982,     3.08631,  -0.0435512,97155616789109
97105368100858,2,       1.251,   0.0106715,     3.09858,  -0.0714233,97156327909295
97105368100858,2,     1.23443,  0.00600906,     3.09217,  -0.0995852,97156957934582
97105368100858,2,     1.21469,  0.00276692,     3.09744,   -0.113818,97157709946590
97105368100858,2,     1.19386,  0.00231489,     3.08766,   -0.127797,97158476583399
97105368100858,2,     1.17435, -0.00743097,      3.0793,   -0.138408,97159267112904
97105368100858,2,     1.15644, -0.00324798,     3.06812,    -0.13258,97159979148793
97105368100858,2,     1.13825, -0.00189109,     3.05614,   -0.128139,97160590032474
97105368100858,2,     1.12134, -0.00365504,     3.04703,   -0.121749,97161281354354
97105368100858,2,     1.10026, -0.00153193,     3.04418,    -0.11065,97161936499724
97105368100858,2,     1.07334, -0.00164394,     3.03068,  -0.0956851,97162609601555
97105368100858,2,     1.05341, -0.00205785,     3.01654,  -0.0846518,97163292344412
97105368100858,2,     1.02566,-0.000113534,     3.02926,  -0.0654965,97163942737456
97105368100858,2,    0.999526,  0.00500226,     3.00788,  -0.0558429,97164707275780
97105368100858,2,    0.989352, -0.00362973,     3.01145,  -0.0454736,97165429547710
97105368100858,2,    0.963506, -0.00290539,     3.00615,  -0.0298323,97166119230397
97105368100858,2,     0.93443, -0.00234518,     3.02764,  -0.0148052,97166897514276
97105368100858,2,    0.913799, -0.00129239,     3.02859,  0.00837057,97167564625331
97105368100858,2,      0.8824,  0.00190727,     2.91828,    0.013504,97168233116838
97105368100858,2,    0.856872, 0.000908221,     2.77054,  0.00894463,97168924999277
97105368100858,2,    0.826032,-0.000562499,     2.59875,  0.00561304,97169671562241
97105368100858,2,    0.807112, -0.00107224,     2.49467,  0.00339303,97170373551954
97105368100858,2,    0.768459,  0.00559394,     2.29188,  0.00548611,97171153519640
97105368100858,2,    0.753258,   0.0110382,     2.22385,  0.00940136,97171877080534
97105368100858,2,    0.725485,   0.0118919,     2.07786,   0.0095489,97172699855633
97105368100858,2,    0.711834,   0.0103774,     2.01748,  0.00639273,97173444707037
97105368100858,2,    0.667621,  0.00634619,     1.85295,  0.00534936,97174147405223
97105368100858,2,     0.64446, -0.00146004,     1.70856, -0.00393361,97174908327424
97105368100858,2,    0.623836, -0.00274405,     1.65409, -0.00387579,97175594283938
97105368100858,2,    0.595484, -0.00587099,     1.50504, -0.00586797,97176337499351
97105368100858,2,    0.561484, -0.00455924,     1.37342, -0.00358498,97177023669001
97105368100858,2,    0.543742, -0.00342427,     1.30878, -0.00293302,97177709666018
97105368100858,2,    0.518109, -0.00585875,     1.20545, -0.00349181,97178376246332
97105368100858,2,    0.490771,  -0.0071129,     1.11097, -0.00557562,97179122673943
97105368100858,2,    0.465847, -0.00809606,     1.04194, -0.00522373,97180145232636
97105368100858,2,    0.439969, -0.00542427,    0.948029, -0.00565316,97180811340255
97105368100858,2,    0.422009,  -0.0102844,    0.889959, -0.00845114,97181757123835
97105368100858,2,    0.402693,  -0.0112459,    0.828486, -0.00855035,97182606787539
97105368100858,2,    0.381907, -0.00721396,    0.765005, -0.00501759,97183332983611
97105368100858,2,    0.368447,  0.00205963,    0.725485,-0.000164794,97183994279133
97105368100858,2,    0.333914,    0.013971,    0.623416,  0.00226824,97184617791495
97105368100858,2,     0.30874,  0.00792838,    0.553961,-0.000906033,97185285094760
97105368100858,2,    0.300237,  0.00700105,    0.530624,-0.000256754,97185950342416
97105368100858,2,    0.273551,  0.00177474,    0.460653,  -0.0017583,97186654474714
97105368100858,2,    0.253103,  0.00284911,    0.420831, -0.00141789,97187438862987
97105368100858,2,    0.231077,  0.00235053,     0.37144, -0.00105184,97188061463129
97105368100858,2,    0.211103,   0.0010932,    0.310831, -0.00228553,97188766070214
97105368100858,2,    0.198043,-0.000124862,    0.284124, -0.00284641,97189452590836
97105368100858,2,    0.173534,  0.00248504,    0.230528, -0.00208201,97190180557432
97105368100858,2,    0.160468, 0.000619881,    0.200835, -0.00239141,97190863615415
97105368100858,2,    0.136958,-0.000404659,    0.168619, -0.00382872,97191591819440
97105368100858,2,    0.125515, 0.000428044,    0.152922, -0.00320653,97192339735943
97105368100858,2,    0.107846,  0.00216112,    0.120512, -0.00238077,97193009623408
97105368100858,2,    0.091592, 0.000306556,   0.0980274, -0.00290687,97193718090134
97105368100858,2,   0.0790962,-0.000289123,   0.0837412, -0.00333058,97194387564932
97105368100858,2,   0.0674344, 0.000205455,    0.063772, -0.00322098,97195092196042
97105368100858,2,   0.0594367, 0.000213091,   0.0547552, -0.00217547,97195757340091
97105368100858,2,   0.0505649, -0.00229711,   0.0432494,-0.000987266,97196541605677
97105368100858,2,   0.0402383, 0.000199556,   0.0310306, -0.00105104,97197240843481
97105368100858,2,   0.0306255, 1.15721e-05,     0.02217,  -0.0021788,97197927912594
97105368100858,2,   0.0180755,-7.30006e-06,   0.0126391, -0.00414139,97198591037125
97105368100858,2,   0.0113162,-1.40809e-06,  0.00869794, -0.00383717,97199257636896
97105368100858,2,           0,           0,   0.0049687, -0.00413686,97200075290621
97105368100858,2,           0,   0.0774652,  0.00559675, -0.00525879,97200929307266
97105368100858,2,           0,    0.115607,  0.00535221, -0.00540297,97201631846453
97105368100858,2,           0,    0.117607,  0.00454094, -0.00172229,97202298043913
97105368100858,2,           0,   0.0911997,  0.00388013, -0.00088585,97203031888258
97105368100858,2,           0,   0.0586686,  0.00488979,-0.000557719,97203791394823
97105368100858,2,           0,   0.0361301,  0.00513969, -0.00123499,97204475265803
97105368100858,2,           0,   0.0135782,  0.00474275, -0.00024795,97205196391074
97205703746881,2,           0,           0,   -0.216524,      2.9932,97205820974766
97205703746881,2,           0,           0,   -0.216524,      2.9932,97206644016046
97205703746881,2,           0,           0,   -0.216524,      2.9932,97207308410157
97205703746881,2,           0,    0.125946,   -0.193558,     2.99449,97208054264220
97205703746881,2,           0,    0.338872,   -0.153578,     2.99351,97208721121143
97205703746881,2,           0,    0.546401,     -0.1334,      2.9945,97209508096337
97205703746881,2,           0,    0.677463,     0.19096,     2.99356,97210142981249
97205703746881,2,           0,    0.785001,    0.381586,     2.97981,97210869343714
97205703746881,2,           0,    0.832165,    0.817931,     2.89792,97211541452302
97205703746881,2,           0,    0.778855,     1.23327,     2.75297,97212250778275
97205703746881,2,           0,    0.732847,     1.45016,     2.64504,97212924079326
97205703746881,2,           0,    0.688022,     1.79751,      2.4293,97213710850232
97205703746881,2,           0,    0.620834,     2.11279,     2.15541,97214364583578
97205703746881,2,           0,    0.578273,      2.2422,     2.01571,97215113092563
97205703746881,2,           0,    0.549838,     2.46702,     1.73181,97215822980217
97205703746881,2,           0,    0.531435,     2.70478,     1.33197,97216552415585
97205703746881,2,           0,     0.51488,     2.72526,     1.28954,97217344329758
97205703746881,2,           0,    0.469041,     2.86045,    0.975242,97218117836567
97205703746881,2,           0,    0.406726,     2.94816,    0.671318,97218826365838
97205703746881,2,           0,     0.37048,     2.99086,    0.511053,97219636573265
97205703746881,2,           0,    0.303716,     3.01738,    0.244841,97220369034685
97205703746881,2,           0,    0.303671,     2.98276,   0.0307882,97221075862472
97205703746881,2,           0,    0.267144,     3.02004,   -0.116779,97221803549427
97205703746881,2,           0,    0.225502,     3.00151,   -0.265095,97222532646771
97205703746881,2,           0,    0.189091,     2.98201,   -0.364464,97223182768765
97205703746881,2,           0,    0.136616,     2.95348,   -0.522813,97223837032109
97205703746881,2,           0,    0.100565,     2.93271,   -0.599301,97224608526648
97205703746881,2,           0,   0.0643259,     2.91839,   -0.662186,97225396870845
97205703746881,2,           0,   0.0324348,     2.90624,   -0.706789,97226141151804
97205703746881,2,           0,   0.0133009,     2.89992,    -0.72533,97226809981045
97205703746881,2,   0.0636358,   0.0209475,     2.92661,   -0.781748,97227480042270
97205703746881,2,      0.1528,   0.0358416,     2.91769,   -0.774146,97228074807236
97205703746881,2,    0.237257,   0.0466635,     2.89869,   -0.780712,97228683725565
97205703746881,2,    0.323001,   0.0554577,     2.91875,   -0.811131,97229389237810
97205703746881,2,    0.392289,   0.0628423,      2.8808,   -0.826097,97230137631596
97205703746881,2,    0.459659,   0.0634203,     2.87813,   -0.884265,97230929373374
97205703746881,2,    0.505136,   0.0634586,     2.86146,   -0.921931,97231535210131
97205703746881,2,    0.520123,   0.0635236,      2.8345,   -0.977193,97232264134479
97205703746881,2,    0.480723,   0.0572397,     2.81803,    -1.04871,97233033789023
97205703746881,2,    0.527646,    0.039122,     2.78795,    -1.11146,97233641577658
97205703746881,2,    0.578231,    0.030071,     2.78837,    -1.16503,97234485520697
97205703746881,2,     0.60827,  0.00387329,     2.75254,    -1.19899,97235229913909
97205703746881,2,    0.622015,  -0.0200427,     2.75032,    -1.28184,97235858164181
97205703746881,2,    0.616557,  -0.0301593,     2.71182,    -1.31156,97236526328413
97205703746881,2,    0.609527,   -0.036266,     2.70925,    -1.35669,97237310209161
97205703746881,2,    0.602784,  -0.0424379,     2.71095,    -1.39398,97237958585803
97205703746881,2,    0.594401,  -0.0537619,     2.69525,    -1.43991,97238759521398
97205703746881,2,    0.590588,  -0.0567488,     2.68585,    -1.43585,97239484901227
97205703746881,2,    0.585645,  -0.0630282,     2.68426,    -1.47151,97240266589729
97205703746881,2,    0.579848,    -0.10153,     2.67174,    -1.48552,97240935715833
97205703746881,2,    0.508332,   -0.101246,     2.69299,     -1.4974,97241501930933
97205703746881,2,     0.46846,   -0.108186,     2.69005,    -1.49442,97242542206072
97205703746881,2,    0.462591,   -0.146004,     2.69826,    -1.49215,97243382320290
97205703746881,2,    0.447345,    -0.16197,     2.70419,    -1.45849,97244142839479
97205703746881,2,     0.44786,   -0.199522,     2.74367,    -1.39579,97244926374370
97205703746881,2,     0.48006,   -0.240067,     2.80881,    -1.27756,97245728923069
97205703746881,2,     0.50844,   -0.301446,      2.8564,    -1.21103,97246409276034
97205703746881,2,    0.534374,   -0.324701,     2.91607,    -1.12531,97247111308600
97205703746881,2,     0.54718,   -0.328711,     2.93891,     -1.0025,97247798724385
97205703746881,2,    0.556596,   -0.291518,     2.99378,   -0.850824,97248523987826
97205703746881,2,    0.566448,   -0.223493,     3.02725,   -0.726409,97249208889968
97205703746881,2,    0.585421,   -0.212496,     3.03858,   -0.654041,97249938695064
97205703746881,2,    0.636218,   -0.131386,     3.07422,   -0.511214,97250707627358
97205703746881,2,    0.700506,  -0.0845734,     3.06972,   -0.412473,97251381862239
97205703746881,2,    0.757127,  -0.0850533,     3.07588,   -0.389724,97252053129451
97205703746881,2,    0.804598,  -0.0429912,     3.06715,   -0.326406,97252723572542
97205703746881,2,    0.840433,  -0.0186543,     3.08713,   -0.291608,97253426104452
97205703746881,2,    0.842854,  -0.0133221,     3.07246,   -0.291758,97254148182880
97205703746881,2,    0.817376,   0.0140153,     3.04828,   -0.276105,97254834470956
97205703746881,2,    0.799683,   0.0317621,     3.05066,   -0.281403,97255533012360
97205703746881,2,    0.761711,   0.0405377,     3.05701,    -0.29424,97256260400358
97205703746881,2,    0.733419,   0.0456531,     3.05249,   -0.323578,97256961153308
97205703746881,2,    0.716667,   0.0432635,     3.04144,   -0.360333,97257643849114
97205703746881,2,    0.701215,   0.0491687,      3.0424,   -0.369198,97258381647962
97205703746881,2,    0.657397,   0.0462929,     3.03043,   -0.403409,97259045986361
97205703746881,2,    0.635423,   0.0361845,     3.02581,   -0.437675,97259762894214
97205703746881,2,    0.604425,    0.029714,     3.01627,   -0.469936,97260443941751
97205703746881,2,    0.585579,   0.0237577,     3.00241,    -0.49412,97261185678847
97205703746881,2,    0.585579,   0.0206585,     3.01101,   -0.503032,97261847783955
97205703746881,2,    0.581582,   0.0179512,     3.00412,   -0.526922,97262610902922
97205703746881,2,    0.575201,   0.0277019,     3.00016,   -0.548041,97263297694944
97205703746881,2,    0.571538,   0.0541089,     2.95852,   -0.574931,97263978627985
97205703746881,2,    0.569995,   0.0868842,      2.9585,   -0.588221,97264623809606
97205703746881,2,    0.568108,    0.115594,     2.95746,   -0.643213,97265266763570
97205703746881,2,    0.593746,     0.12453,     2.95196,   -0.663022,97266024529881
97205703746881,2,    0.619037,    0.135995,     2.92814,   -0.727667,97266729592782
97205703746881,2,    0.647705,    0.107151,     2.90505,   -0.827201,97267490202557
97205703746881,2,    0.661939,   0.0872876,     2.88155,   -0.880703,97268092775332
97205703746881,2,    0.717015,    0.100959,      2.8729,   -0.907394,97268850777255
97205703746881,2,    0.784498,   0.0739143,     2.85135,   -0.980817,97269554538273
97205703746881,2,    0.847405,   0.0673758,     2.83009,    -1.01486,97270330240575
97205703746881,2,    0.894363,   0.0724181,     2.82029,     -1.0825,97271048566474
97205703746881,2,    0.929774,   0.0818918,     2.81854,    -1.10244,97271752496486
97205703746881,2,    0.962247,   0.0641175,     2.79319,     -1.1537,97272515160284
97205703746881,2,    0.979937,   0.0402516,     2.76808,     -1.2118,97273264311595
97205703746881,2,    0.968907,   0.0251913,     2.75051,    -1.23979,97273916421240
97205703746881,2,    0.939641,  0.00405524,     2.73851,    -1.26145,97274568706261
97205703746881,2,    0.913882,  -0.0144351,     2.72737,    -1.28318,97275294678303
97205703746881,2,    0.888718,  -0.0199773,     2.72272,    -1.27902,97275968326955
97205703746881,2,    0.862646,  -0.0212135,     2.72221,    -1.27388,97276734552300
97205703746881,2,    0.836903,  -0.0558074,     2.74869,    -1.24808,97277485841026
97205703746881,2,     0.81917,   -0.182397,      2.7429,    -1.23669,97278197234151
97205703746881,2,    0.794063,  -0.0880295,     2.77729,    -1.18048,97278905442817
97205703746881,2,    0.778843,   -0.115527,     2.79278,    -1.12667,97279676322809
97205703746881,2,    0.765307,   -0.104519,     2.82718,    -1.04088,97280308967158
97205703746881,2,    0.754353,   -0.101057,     2.84559,   -0.966101,97280977560606
97205703746881,2,    0.742528,   -0.109069,     2.90198,   -0.871248,97281748971018
97205703746881,2,    0.731544,   -0.106034,     2.91141,   -0.763127,97282419628727
97205703746881,2,    0.727557,   -0.103104,     2.94387,   -0.702435,97283030115723
97205703746881,2,    0.721882,   -0.114763,     2.96206,   -0.621838,97283816711026
97205703746881,2,    0.716681,  -0.0915298,     3.01524,   -0.483259,97284488013204
97205703746881,2,    0.723934,  -0.0737338,     3.02879,   -0.427766,97285138367914
97205703746881,2,    0.795169,  -0.0737288,     3.01783,   -0.356561,97285851489549
97205703746881,2,    0.860692,  -0.0541861,      3.0357,   -0.260358,97286682266354
97205703746881,2,    0.906437,  -0.0387978,     3.03469,   -0.169063,97287474895195
97205703746881,2,     0.92935,   -0.034922,     3.05493,   -0.131635,97288226389594
97205703746881,2,    0.908531,  -0.0180029,     3.07505,  -0.0118124,97288877580166
97205703746881,2,    0.888402,  -0.0134686,     2.97622, -0.00739977,97289547489341
97205703746881,2,    0.851967, -0.00863669,     2.78836,  0.00661844,97290280703545
97205703746881,2,    0.835249, 0.000342235,     2.69418,   0.0144417,97291017280098
97205703746881,2,    0.794562,  0.00839015,     2.42783,   0.0158359,97291785861101
97205703746881,2,    0.780851,   0.0089674,     2.35622,   0.0119703,97292436538577
97205703746881,2,    0.752283,   0.0117887,      2.2103,   0.0125407,97293266690688
97205703746881,2,    0.719881,   0.0126453,      2.1285,    0.013132,97293975975827
97205703746881,2,    0.700214,    0.011985,     2.00931,   0.0130052,97294725747024
97205703746881,2,    0.677369,  0.00665596,     1.85226,  0.00661223,97295437265549
97205703746881,2,     0.63885,   0.0068671,     1.68384,  0.00428345,97296186237857
97205703746881,2,    0.621232, -0.00209056,     1.60974, -0.00385832,97296921211530
97205703746881,2,    0.594835,  0.00309095,      1.5037, 0.000853292,97297708926105
97205703746881,2,      0.5723,  0.00122277,     1.40245, 0.000506353,97298340778714
97205703746881,2,    0.543194, -0.00201063,     1.30658, -0.00269621,97299013686175
97205703746881,2,     0.51146, 0.000664477,     1.19286,  0.00175964,97299762082185
97205703746881,2,    0.485388,  -0.0015084,     1.10189,-0.000238503,97300471950621
97205703746881,2,    0.464242, -0.00671689,     1.03009, -0.00359572,97301143770581
97205703746881,2,    0.438318, -0.00334633,    0.944224,-8.18841e-05,97301907935705
97205703746881,2,    0.412846, -0.00632083,    0.861648, -0.00199851,97302636061137
97205703746881,2,    0.390394, -0.00140305,    0.808743,-0.000281435,97303325567232
97205703746881,2,     0.37104, -0.00322154,    0.733276, 0.000961194,97304069273722
97205703746881,2,    0.352468, -0.00175002,    0.677399,  0.00221889,97304894213288
97205703746881,2,    0.326532,  0.00511152,    0.612422,  0.00491676,97305583110932
97205703746881,2,    0.312976,   0.0193722,    0.566116,  0.00586485,97306529769114
97205703746881,2,    0.299192,  0.00473044,    0.528507,   0.0017702,97307435042958
97205703746881,2,    0.288457, -0.00227901,    0.499481,  0.00251089,97308144546204
97205703746881,2,    0.258001,  -0.0114526,    0.421595,-0.000277879,97308877981075
97205703746881,2,    0.238717,  -0.0067736,    0.375282, -0.00079405,97309603610753
97205703746881,2,      0.2155,  -0.0127659,    0.320604,-0.000860789,97310267434491
97205703746881,2,    0.198346, -0.00962259,    0.282737,  0.00108948,97310938958160
97205703746881,2,    0.177448, -0.00400332,    0.238507, 0.000260959,97311724298595
97205703746881,2,    0.163444,  -0.0041758,    0.223667,-0.000694118,97312447602032
97205703746881,2,    0.137247,-0.000573134,    0.162071,-0.000530048,97313154659342
97205703746881,2,    0.126145, 0.000842501,    0.149456,-0.000219037,97313822453563
97205703746881,2,    0.112421, 0.000742146,     0.12708, -0.00294706,97314488895573
97205703746881,2,   0.0964407,-0.000254089,     0.10846, -0.00506126,97315201041862
97205703746881,2,   0.0824422, 0.000810997,     0.08714, -0.00565936,97315914683049
97205703746881,2,   0.0697292,  0.00227079,   0.0663147, -0.00346277,97316702073313
97205703746881,2,   0.0589529,-0.000223051,   0.0514567, -0.00367819,97317407491481
97205703746881,2,   0.0488871, 0.000299282,   0.0399151,  -0.0042898,97318171484394
97205703746881,2,    0.038199,-9.98569e-06,   0.0289376, -0.00552109,97318857173741
97205703746881,2,   0.0280378, 0.000247784,   0.0199624,   -0.006772,97319654944881
97205703746881,2,   0.0180421, 3.18709e-05,   0.0126287, -0.00808459,97320279212830
97205703746881,2,  0.00849843,  8.0025e-06,  0.00738366, -0.00720447,97320946418018
97205703746881,2,           0,   -0.068094,  0.00374402, -0.00784855,97321680803941
97205703746881,2,           0,   -0.295108,  0.00372469, -0.00768956,97322402484812
97205703746881,2,           0,   -0.487554,  0.00378523, -0.00638743,97323138404299
97205703746881,2,           0,    -0.64954,  0.00183775, -0.00520461,97323957778089
97205703746881,2,           0,   -0.731227, -0.00125682,  -0.0019683,97324577216207
97205703746881,2,           0,   -0.736616, -0.00487654, -0.00661883,97325278090813
97205703746881,2,           0,   -0.677724, -0.00484912,  -0.0111017,97326057883671
97205703746881,2,           0,   -0.653366,  -0.0024226,  -0.0171353,97326756315178
97205703746881,2,           0,   -0.617685,  0.00353501,  -0.0159452,97327360767049
97205703746881,2,           0,   -0.552998,   0.0125238,  -0.0118553,97328040301784
97205703746881,2,           0,   -0.483226,   0.0306764,  -0.0106963,97328816271357
97205703746881,2,           0,   -0.430679,   0.0372959, 0.000653438,97329485170048
97205703746881,2,           0,   -0.380583,   0.0452453,  0.00549223,97330243597496
97205703746881,2,           0,   -0.339032,    0.055012,   0.0116947,97330888089853
97205703746881,2,           0,   -0.299525,   0.0586889,   0.0188419,97331610483055
97205703746881,2,           0,   -0.242528,   0.0646492,   0.0261396,97332387331480
97205703746881,2,           0,   -0.184332,   0.0657091,   0.0407263,97333050507569
97205703746881,2,           0,   -0.168188,   0.0732066,   0.0456092,97333808051781
97205703746881,2,           0,   -0.119192,   0.0820886,   0.0526383,97334568470296
97205703746881,2,           0,  -0.0698594,   0.0844495,   0.0615247,97335346883841
97205703746881,2,           0,  -0.0417991,   0.0864487,   0.0640746,97336048724376
97205703746881,2,           0,  -0.0170775,   0.0870834,   0.0639608,97336806574954
97337409160860,2,           0,           0,   0.0897626,   0.0649344,97337466233277
97337409160860,2,           0,           0,   0.0897626,   0.0649344,97338188906849
97337409160860,2,           0,           0,   0.0897626,   0.0649344,97338876699790
97337409160860,2,           0,  -0.0245739,    -3.00693,  -0.0436305,97339524671809
97337409160860,2,           0,   -0.241669,    -3.00346,  -0.0909162,97340270311791
97337409160860,2,           0,   -0.494505,     -2.9997,   -0.171361,97340987933830
97337409160860,2,           0,   -0.708705,    -2.98275,   -0.352519,97341710555304
97337409160860,2,           0,   -0.890913,    -2.98514,   -0.376224,97342474292450
97337409160860,2,           0,    -1.01984,    -2.82569,    -1.02112,97343194766640
97337409160860,2,           0,    -1.09543,    -2.74801,    -1.23443,97343860584533
97337409160860,2,           0,    -1.10081,    -2.30123,    -1.95597,97344580189194
97337409160860,2,           0,    -1.07622,    -2.06074,    -2.20862,97345303200961
97337409160860,2,           0,    -1.03988,    -1.59878,    -2.55089,97346009655813
97337409160860,2,           0,    -1.00621,    -1.18659,    -2.75464,97346790733601
97337409160860,2,           0,    -0.94493,   -0.804211,    -2.91769,97347672862876
97337409160860,2,           0,   -0.908975,  -0.0537656,    -3.02227,97348362657882
97337409160860,2,           0,    -0.86536,    0.329365,    -2.98961,97349068258157
97337409160860,2,           0,   -0.795904,    0.978244,    -2.87849,97349763764858
97337409160860,2,           0,   -0.715765,     1.52869,    -2.62317,97350554685892
97337409160860,2,           0,   -0.719041,     1.51479,    -2.62612,97351284044363
97337409160860,2,           0,   -0.633666,     1.96778,    -2.28361,97351935354767
97337409160860,2,           0,   -0.583126,     2.20434,     -2.0643,97352570387902
97337409160860,2,           0,   -0.514647,      2.4099,    -1.79966,97353301185598
97337409160860,2,           0,   -0.465866,     2.58768,     -1.5106,97354088305707
97337409160860,2,           0,   -0.417112,     2.70265,     -1.2794,97354701475582
97337409160860,2,           0,   -0.382807,     2.76074,    -1.14648,97355453116010
97337409160860,2,           0,   -0.336901,     2.83902,   -0.921118,97356121738662
97337409160860,2,           0,   -0.290195,     2.89348,   -0.740002,97356831925073
97337409160860,2,           0,   -0.250112,     2.92978,   -0.572361,97357612851757
97337409160860,2,           0,   -0.194682,     2.99991,   -0.370838,97358420334092
97337409160860,2,           0,    -0.15225,     3.01164,   -0.254614,97359046451505
97337409160860,2,           0,   -0.110304,     3.01685,   -0.163417,97359792801016
97337409160860,2,           0,   -0.092227,     3.01586,  -0.0938362,97360442998470
97337409160860,2,           0,  -0.0551098,     3.01761,  -0.0206281,97361144411155
97337409160860,2,           0,  -0.0415572,      3.0168,  0.00470643,97361889104960
97337409160860,2,           0,  -0.0168089,     3.02218,   0.0436237,97362710784714
97337409160860,2,  0.00479056, 0.000150786,     3.02385,   0.0663084,97363438484454
97337409160860,2,    0.180898,   0.0641928,     3.00317,    0.044356,97364188781128
97337409160860,2,     0.34544,    0.122581,     3.00237,   0.0512938,97364939005726
97337409160860,2,    0.490607,    0.160645,     3.00556,   0.0468211,97365654595292
97337409160860,2,    0.628864,    0.107342,     2.99971,  -0.0123018,97366382862979
97337409160860,2,    0.762529,   0.0639146,     3.02357,   -0.078379,97367150097890
97337409160860,2,    0.889522,   0.0288661,     3.02128,   -0.115927,97367958882221
97337409160860,2,     1.01816,   0.0019416,     3.01161,   -0.129112,97368888140682
97337409160860,2,     1.11747,  -0.0401431,     3.00274,   -0.168174,97369718603910
97337409160860,2,      1.1849,  -0.0562583,      3.0044,   -0.170141,97370372579290
97337409160860,2,     1.25036,  -0.0650399,     3.00212,   -0.161538,97371112829104
97337409160860,2,     1.30732,  -0.0700547,     3.00357,   -0.140442,97371937107249
97337409160860,2,     1.34328,  -0.0556208,     2.99363,   -0.113876,97372665996137
97337409160860,2,     1.36283,  -0.0477393,      2.9907,  -0.0982773,97373310031674
97337409160860,2,     1.35512,  -0.0428696,     3.01238,  -0.0759674,97373898026941
97337409160860,2,      1.3404,  -0.0400332,     3.01645,  -0.0612111,97374630176720
97337409160860,2,     1.32632,  -0.0307667,     2.99924,  -0.0492204,97375356348397
97337409160860,2,     1.30736,  -0.0114608,     3.00883,  -0.0216642,97376162427634
97337409160860,2,     1.29951,  0.00118513,     3.00807, -0.00923517,97376855316647
97337409160860,2,     1.28889, -0.00522101,     3.01958,  -0.0071486,97377663195929
97337409160860,2,      1.2707,   -0.011736,     3.01875,  -0.0145108,97378413958825
97337409160860,2,     1.25631,   -0.003308,     3.00972, -0.00266334,97379143170479
97337409160860,2,     1.23259,  0.00191012,     2.99297, -0.00279083,97379856628894
97337409160860,2,     1.21598,  0.00947409,      3.0197,  0.00512767,97380547265004
97337409160860,2,      1.1993,  0.00811137,      3.0172,  0.00168651,97381235997560
97337409160860,2,     1.17866,   0.0113366,     3.00956,  0.00121612,97381988083768
97337409160860,2,     1.15967,  0.00452477,      3.0118, -0.00729006,97382754512092
97337409160860,2,     1.14065, -0.00211722,     3.00517,  -0.0137571,97383388043766
97337409160860,2,     1.12164,-0.000265345,      3.0126,  -0.0128788,97384202038146
97337409160860,2,     1.10077, -0.00395921,      3.0198,    -0.01798,97384894188136
97337409160860,2,     1.07999, -0.00226093,     3.01736,  -0.0150659,97385584817264
97337409160860,2,     1.05662, -0.00342313,      3.0087,  -0.0116654,97386335537615
97337409160860,2,      1.0314, -0.00949025,     3.03933,  -0.0169472,97387106202578
97337409160860,2,     1.01913,  -0.0091521,     3.02892,  -0.0119917,97387775822297
97337409160860,2,    0.987784, -0.00695967,      3.0009, -0.00692263,97388521832954
97337409160860,2,    0.959215, -0.00907895,     3.03542, -0.00804685,97389312888418
97337409160860,2,    0.930231, -0.00143408,     3.00439, -0.00121685,97390045338591
97337409160860,2,    0.912949, 0.000617376,      3.0267,  0.00373986,97390815915741
97337409160860,2,    0.888836,  0.00219253,      2.9574,  0.00290634,97391525189077
97337409160860,2,    0.862629,  0.00306756,     2.80448,  0.00451247,97392257558104
97337409160860,2,    0.838289,  0.00467778,      2.7291,  0.00195648,97393024557531
97337409160860,2,    0.808782,  0.00583474,     2.57246,  0.00248877,97393779293356
97337409160860,2,    0.777078,  0.00914892,     2.36985,  0.00231741,97394450791001
97337409160860,2,    0.752296,  0.00934913,     2.25965,  0.00304811,97395157749824
97337409160860,2,    0.728374,  0.00384736,     2.09277, -0.00302966,97395927027720
97337409160860,2,    0.711686,  0.00276072,       2.027, -0.00501315,97396718845523
97337409160860,2,    0.672703,  0.00329145,     1.87141, -0.00145288,97397709490609
97337409160860,2,    0.657115,  0.00244411,     1.78903, -0.00329607,97398436568592
97337409160860,2,    0.629388,  0.00120797,     1.64424, -0.00265904,97399343969305
97337409160860,2,    0.611986, 0.000605333,     1.62619, -0.00281426,97400249871228
97337409160860,2,    0.573262, -0.00586829,     1.41959, -0.00553991,97400961693217
97337409160860,2,    0.548937, -0.00134725,     1.32789, -0.00106769,97401735641793
97337409160860,2,    0.517711,  -0.0022255,     1.26082,-0.000424477,97402441786141
97337409160860,2,    0.495498, -0.00420872,     1.13861, -0.00111825,97403290213207
97337409160860,2,     0.47105, -0.00431538,     1.05312, -0.00127894,97403981667571
97337409160860,2,    0.447167, -0.00815781,    0.992179, -0.00347574,97404769522159
97337409160860,2,    0.422887,   -0.012891,    0.896503,  -0.0041305,97405578892816
97337409160860,2,    0.397958, -0.00818866,    0.814584, -0.00233811,97406289407111
97337409160860,2,    0.371084, -0.00573754,    0.738313,  -0.0003952,97407018200514
97337409160860,2,    0.340884, -0.00029975,    0.688602,  0.00159608,97407792289091
97337409160860,2,    0.320493, -0.00063904,    0.594754, 0.000679191,97408559106032
97337409160860,2,    0.301281,-0.000483078,    0.549473,-0.000548845,97409366327771
97337409160860,2,     0.28389,-0.000640877,    0.496726,  0.00172668,97410110628973
97337409160860,2,    0.256734,  0.00302384,    0.428718,  0.00342308,97410865096235
97337409160860,2,     0.24985,  0.00374309,    0.411238,  0.00198587,97411614810540
97337409160860,2,    0.233527,  0.00113585,    0.359225,  0.00432012,97412326459859
97337409160860,2,    0.205926, -0.00192552,    0.334057,  0.00367426,97413108947339
97337409160860,2,    0.194239,  0.00261608,    0.287212,  0.00605066,97413886753487
97337409160860,2,    0.173993, 0.000910899,    0.244006,  0.00576687,97414647859801
97337409160860,2,    0.158971,-0.000309433,    0.212942,  0.00569603,97415370135651
97337409160860,2,    0.139381,-0.000932953,    0.180706,  0.00576564,97416252256392
97337409160860,2,    0.129228, 0.000527752,     0.15679,  0.00858074,97417052757292
97337409160860,2,    0.116905, -0.00143068,    0.140646,  0.00662619,97417739774261
97337409160860,2,    0.100429, -0.00170626,     0.10883,  0.00591976,97418387195191
97337409160860,2,   0.0897288, -0.00192999,   0.0884762,   0.0101909,97419307481009
97337409160860,2,   0.0774323,-0.000535779,   0.0725475,  0.00878733,97420055955643
97337409160860,2,   0.0661316, -0.00138284,    0.058679,  0.00708503,97420865477685
97337409160860,2,   0.0539071, -0.00137507,   0.0447006,  0.00840227,97421576904021
97337409160860,2,   0.0423351,-0.000332476,   0.0326772,  0.00781935,97422409425306
97337409160860,2,    0.036236,-0.000136228,    0.027337,  0.00830402,97423190274326
97337409160860,2,   0.0260296,-0.000307606,   0.0183187,  0.00883046,97423939945585
97337409160860,2,   0.0154812,-8.61463e-05,   0.0110108,  0.00923378,97424644562309
97337409160860,2,  0.00693384,-6.51967e-05,  0.00684994,   0.0102973,97425446168893
97426073107123,2,           0,           0,     3.01371,   0.0579768,97426209831280
97426073107123,2,           0,           0,     3.01371,   0.0579767,97426911839440
97426073107123,2,           0,           0,     3.01371,   0.0579767,97427771249946
97426073107123,2,           0,   0.0113212,     3.01384,   0.0561582,97428532641542
97426073107123,2,           0,   0.0179464,     3.01486,   0.0578434,97429244887971
97426073107123,2,           0,   0.0136741,     3.01429,    0.056375,97430034903728
97426073107123,2,           0,  0.00815538,     3.01229,   0.0487434,97430770302276
97426073107123,2,   0.0160377,  0.00203554,     3.01264,   0.0442228,97431443954751
97426073107123,2,    0.145666,   0.0363991,     3.00823,    0.035169,97432281847753
97426073107123,2,    0.247847,   0.0442351,     3.00928,   0.0394668,97433031433196
97426073107123,2,    0.338458,   0.0420591,     3.02134,    0.018608,97433782458902
97426073107123,2,    0.416158,   0.0345736,     3.01441,   0.0148412,97434503271386
97426073107123,2,    0.480536,   0.0204161,     3.03228,  -0.0131595,97435251416086
97426073107123,2,    0.530842,     0.00512,     3.00613,  -0.0288865,97435952181091
97426073107123,2,    0.567491,  0.00228435,     3.00668,  -0.0348639,97436651563828
97426073107123,2,    0.566747,-0.000920306,     3.01417,  -0.0419915,97437433455093
97426073107123,2,    0.544238, -0.00443645,     3.01424,  -0.0474292,97438181975105
97426073107123,2,    0.529185,   -0.018408,     2.99967,  -0.0440852,97438933048799
97426073107123,2,    0.522868,  -0.0290909,     3.01126,  -0.0414282,97439641615055
97426073107123,2,    0.509067,  -0.0503833,     3.02142,  -0.0341636,97440372055709
97426073107123,2,    0.502633,  -0.0991633,      2.9969, -0.00522087,97441181767956
97426073107123,2,    0.526908,   -0.173701,     3.01374,   0.0193784,97441993468008
97426073107123,2,    0.545888,   -0.222147,     2.99131,    0.175616,97442822014089
97426073107123,2,    0.549007,   -0.237631,     3.00162,    0.270846,97443573555144
97426073107123,2,    0.428104,   -0.190581,     2.99483,    0.384216,97444264057294
97426073107123,2,    0.428104,   -0.173472,     2.97371,    0.499612,97445014594412
97426073107123,2,    0.428104,   -0.155165,     2.95189,    0.627171,97445690036349
97426073107123,2,    0.449515,   -0.107274,     2.90799,     0.73539,97446482092756
97426073107123,2,     0.49142,  -0.0857525,     2.89807,    0.808681,97447141610085
97426073107123,2,    0.529883,  -0.0592513,       2.894,    0.871187,97447942755492
97426073107123,2,    0.553449,  -0.0166133,      2.8681,    0.942422,97448666483143
97426073107123,2,    0.573201,  -0.0137285,     2.83055,    0.992274,97449406946296
97426073107123,2,    0.627053,  -0.0263044,     2.85845,     1.03869,97450129933402
97426073107123,2,    0.670491,  -0.0405193,     2.80375,      1.0797,97450908489601
97426073107123,2,    0.696827,  -0.0643174,     2.82008,     1.08785,97451667587207
97426073107123,2,    0.699199,  -0.0729842,     2.78876,     1.16502,97452430474759
97426073107123,2,    0.679602,  -0.0801808,     2.76704,     1.24868,97453151464007
97426073107123,2,    0.663267,  -0.0619078,     2.74084,      1.3127,97453933141222
97426073107123,2,    0.642095,  -0.0436661,     2.71682,     1.38469,97454597770385
97426073107123,2,    0.600673,  -0.0238379,     2.67948,     1.44216,97455379835671
97426073107123,2,    0.585047,  -0.0206814,     2.65193,     1.48416,97456029900525
97426073107123,2,    0.568198,  -0.0125484,     2.64705,     1.54344,97456733471972
97426073107123,2,     0.55474, -0.00548141,      2.6299,      1.5733,97457522186203
97426073107123,2,    0.542502,  0.00795619,     2.61419,     1.60547,97458308530012
97426073107123,2,    0.535271,   0.0274794,     2.60367,      1.6202,97459013875064
97426073107123,2,    0.520422,   0.0730397,     2.60509,     1.63891,97459762081985
97426073107123,2,     0.51374,    0.103773,     2.59969,     1.63706,97460439768078
97426073107123,2,    0.506106,    0.141381,     2.63517,     1.61726,97461223024506
97426073107123,2,    0.502378,    0.150171,     2.64993,     1.60694,97462050117973
97426073107123,2,    0.493923,    0.148453,     2.66821,     1.55486,97462821418671
97426073107123,2,    0.491058,    0.164225,     2.72915,     1.48752,97463534818840
97426073107123,2,     0.48873,    0.187371,     2.74829,     1.43795,97464260957767
97426073107123,2,      0.4873,    0.194192,     2.76569,     1.38981,97464914790829
97426073107123,2,    0.486409,    0.212632,     2.86611,     1.24547,97465606042074
97426073107123,2,    0.486477,    0.221465,     2.88459,     1.19323,97466265092463
97426073107123,2,    0.487176,    0.225519,     2.91855,     1.11123,97466997307387
97426073107123,2,    0.489377,    0.225903,     2.95835,     1.00022,97467688187685
97426073107123,2,    0.492115,    0.209049,     3.01084,    0.884584,97468401474036
97426073107123,2,     0.49548,    0.172661,     3.03498,    0.761436,97469155136404
97426073107123,2,    0.499003,     0.15839,     3.05478,    0.641573,97469929919322
97426073107123,2,    0.502926,    0.132848,     3.07067,    0.577664,97470700757455
97426073107123,2,    0.564589,    0.115003,     3.06866,    0.506188,97471453897258
97426073107123,2,    0.643643,   0.0996619,     3.07981,    0.422752,97472148684327
97426073107123,2,    0.749214,   0.0826076,      3.1095,     0.33089,97472998411240
97426073107123,2,    0.828406,   0.0701987,     3.07959,    0.281363,97473746764000
97426073107123,2,     0.89073,   0.0566714,     3.10928,    0.220254,97474459647775
97426073107123,2,    0.941403,   0.0475666,     3.10956,    0.166769,97475190019643
97426073107123,2,    0.977141,   0.0301261,     3.08761,    0.137018,97475940848629
97426073107123,2,    0.982972,   0.0105906,      3.0958,   0.0818833,97476690892975
97426073107123,2,    0.955212,-0.000345798,     3.06605,   0.0359734,97477445462444
97426073107123,2,    0.944136,  -0.0100138,     3.09969,  0.00250562,97478100275388
97426073107123,2,    0.912485,  -0.0170887,     3.09919,  -0.0300905,97478813193066
97426073107123,2,    0.892541,  -0.0241495,     2.97892,  -0.0320785,97479448371740
97426073107123,2,     0.85558,  -0.0195889,     2.79126,  -0.0192536,97480041345401
97426073107123,2,    0.830198,   -0.016649,     2.62107,  -0.0106306,97480652140733
97426073107123,2,     0.80804,  -0.0152639,     2.49987, -0.00398646,97481364138152
97426073107123,2,    0.783345,  -0.0069546,     2.36886,  0.00145108,97482010685210
97426073107123,2,    0.753677,-0.000928084,     2.21719,  0.00664861,97482606511764
97426073107123,2,    0.736128, -0.00065474,     2.13154,  0.00601966,97483287775366
97426073107123,2,    0.700122,   0.0052405,     1.99061,  0.00987467,97483893930746
97426073107123,2,     0.66855,  0.00787746,      1.8413,  0.00830598,97484585020583
97426073107123,2,    0.648174,  -0.0010704,     1.72356,  0.00196478,97485232537350
97426073107123,2,     0.62517, -0.00194655,     1.65254, 0.000374503,97485803075009
97426073107123,2,    0.599416,  0.00102061,     1.54394,  0.00161397,97486457233972
97426073107123,2,     0.56774,  0.00180097,      1.3978,  0.00185762,97487070412375
97426073107123,2,    0.540724,  0.00160783,     1.29839, 0.000365653,97487716985682
97426073107123,2,    0.512307,  0.00128969,      1.1958, -0.00136352,97488369581471
97426073107123,2,    0.490716,  -0.0023277,     1.12278,  -0.0038146,97488995844675
97426073107123,2,    0.462458,  -0.0020693,     1.02374,  -0.0038107,97489903955247
97426073107123,2,    0.444719, -0.00378318,    0.964993, -0.00561056,97490768850704
97426073107123,2,     0.42288, -0.00607662,    0.894028, -0.00884551,97491755807515
97426073107123,2,    0.407464,   0.0021589,    0.845018,  -0.0036015,97492443911245
97426073107123,2,    0.382285,  0.00509376,    0.767207, -0.00249461,97493071578685
97426073107123,2,    0.354177,  0.00727295,    0.682738, -0.00371201,97493682298273
97426073107123,2,    0.331613,  0.00708378,    0.617618, -0.00438887,97494310231939
97426073107123,2,    0.306758,  0.00569411,    0.549382, -0.00447569,97495019847788
97426073107123,2,    0.285794,  0.00293865,    0.493004, -0.00584167,97495661715094
97426073107123,2,    0.269807, -0.00170714,    0.462869, -0.00401461,97496249646576
97426073107123,2,     0.24743, 0.000244059,    0.396371, -0.00657603,97496951817293
97426073107123,2,    0.232252, -0.00253471,    0.369973, -0.00712921,97497563281116
97426073107123,2,    0.211949, -0.00203853,    0.313021, -0.00895297,97498207054694
97426073107123,2,    0.196258, -0.00193511,      0.2847, -0.00982238,97498835813542
97426073107123,2,    0.176958,  0.00143904,    0.237659, -0.00923757,97499500121655
97426073107123,2,    0.159847,  0.00372276,    0.203816, -0.00764384,97500149893484
97426073107123,2,    0.148776,  0.00565315,    0.182862, -0.00498366,97500816735822
97426073107123,2,    0.124519,  0.00448072,    0.156402, -0.00460126,97501500478136
97426073107123,2,    0.111975,  0.00456919,    0.123725, -0.00502931,97502110140339
97426073107123,2,   0.0973191,     0.00329,    0.103734, -0.00606363,97502719261816
97426073107123,2,   0.0794727,  0.00286047,   0.0780939, -0.00816488,97503387342530
97426073107123,2,   0.0698517, 0.000948438,    0.065258, -0.00620353,97504095832525
97426073107123,2,   0.0586596,  0.00105344,   0.0511381, -0.00823803,97504726455628
97426073107123,2,   0.0480349,  0.00170436,   0.0390114,   -0.009274,97505386832697
97426073107123,2,   0.0398946, 0.000784772,   0.0306457,  -0.0102205,97506072808183
97426073107123,2,   0.0305231, 0.000145155,   0.0220283, -0.00861375,97506718579942
97426073107123,2,   0.0213336,-1.73019e-05,   0.0147559,  -0.0081603,97507422756847
97426073107123,2,   0.0130104, 7.46055e-05,  0.00956875, -0.00722459,97507990069673
97426073107123,2,  0.00315641, 2.39481e-06,  0.00550859, -0.00686038,97508611301892
97426073107123,2,           0,  -0.0652933,  0.00397002,  -0.0076931,97509311801258
97426073107123,2,           0,    -0.13963,  0.00468664, -0.00617823,97509880515622
97426073107123,2,           0,   -0.189181,  0.00291839, -0.00657395,97510505719121
97426073107123,2,           0,   -0.185053,  0.00442717, -0.00792014,97511207353618
97426073107123,2,           0,   -0.155348,  0.00802232, -0.00712845,97511873443476
97426073107123,2,           0,    -0.11208,   0.0104374, -0.00632551,97512540884145
97426073107123,2,           0,  -0.0803847,   0.0129789, -0.00543143,97513246097555
97426073107123,2,           0,  -0.0524624,   0.0123499, -0.00581919,97513852946932
97426073107123,2,           0,  -0.0194613,   0.0136288, -0.00380615,97514517799286
97426073107123,2,           0, -0.00304843,   0.0153563, -0.00335619,97515142093779
97515280290491,2,           0,           0,     2.42125,     1.79702,97515789630994
97515280290491,2,           0,           0,     2.42125,     1.79702,97516417922457
97515280290491,2,           0,           0,     2.42125,     1.79702,97517081769599
97515280290491,2,           0,    0.130239,     2.42519,     1.78999,97517753733073
97515280290491,2,           0,    0.282416,     2.41669,     1.80207,97518402835562
97515280290491,2,           0,    0.399344,     2.49004,     1.69715,97519035194161
97515280290491,2,           0,    0.481995,     2.56893,      1.5732,97519660758861
97515280290491,2,           0,    0.520528,     2.63351,     1.45348,97520305941470
97515280290491,2,           0,    0.467006,     2.76702,     1.17477,97520988141942
97515280290491,2,           0,    0.414817,     2.84362,    0.967925,97521610922230
97515280290491,2,           0,    0.383294,     2.89535,    0.783971,97522256919535
97515280290491,2,           0,    0.326121,      2.9466,    0.531397,97522941493304
97515280290491,2,           0,     0.28243,     2.96883,    0.354797,97523543485080
97515280290491,2,           0,    0.240421,     2.97998,    0.199012,97524208141098
97515280290491,2,           0,    0.199968,     3.02536,   0.0757949,97524852146118
97515280290491,2,           0,    0.155028,     3.02169,  -0.0778804,97525456857239
97515280290491,2,           0,    0.118181,     3.01437,   -0.160913,97526063279211
97515280290491,2,           0,   0.0878241,      3.0054,   -0.222048,97526743585802
97515280290491,2,           0,   0.0508148,      2.9975,   -0.283426,97527432909308
97515280290491,2,           0,    0.014621,     2.99131,   -0.331208,97528094569097
97515280290491,2,   0.0384221,  0.00728458,     2.98784,   -0.343419,97528779629436
97515280290491,2,    0.143974,   0.0127259,     2.97761,   -0.362766,97529383087928
97515280290491,2,    0.236081,  0.00297824,     2.99194,    -0.38136,97530065926368
97515280290491,2,    0.316525,  0.00208439,     2.98315,   -0.381279,97530765612671
97515280290491,2,    0.383014,  0.00104376,     2.98454,   -0.398566,97531455765745
97515280290491,2,    0.443802,-0.000801743,     2.97435,   -0.411313,97532262519143
97515280290491,2,    0.480257, -0.00846286,     2.99692,   -0.435712,97532968870441
97515280290491,2,    0.503889,  -0.0133958,     2.94927,   -0.460784,97533791246964
97515280290491,2,    0.496709,  -0.0199658,     2.96953,   -0.485491,97534500635085
97515280290491,2,    0.482845,  -0.0260191,     2.97936,   -0.526525,97535143503326
97515280290491,2,    0.460353,   -0.030634,     2.94879,   -0.541019,97535965447628
97515280290491,2,    0.442654,  -0.0313176,     2.95761,   -0.559612,97536711213483
97515280290491,2,    0.422771,   -0.029363,     2.93738,   -0.576257,97537440548645
97515280290491,2,    0.416718,  -0.0390717,     2.96074,   -0.592772,97538245332547
97515280290491,2,    0.404098,  -0.0361225,     2.94748,   -0.598645,97538954986150
97515280290491,2,    0.392877,  -0.0358232,     2.94945,   -0.604838,97539645004533
97515280290491,2,    0.386573,  -0.0277545,     2.95145,     -0.6092,97540393321909
97515280290491,2,    0.380498,  -0.0306814,      2.9477,   -0.617837,97541043665240
97515280290491,2,     0.38342,  -0.0340531,     2.93594,   -0.623443,97541827062171
97515280290491,2,    0.368767,  -0.0336122,      2.9316,   -0.620622,97542580187663
97515280290491,2,    0.370899,  -0.0409211,     2.93356,   -0.627382,97543289072817
97515280290491,2,    0.367877,  -0.0458015,     2.95879,   -0.638119,97543995314949
97515280290491,2,     0.37145,  -0.0401985,     2.95509,   -0.630135,97544779532277
97515280290491,2,    0.367337,  -0.0522869,     2.95401,   -0.633092,97545529893779
97515280290491,2,    0.369023,  -0.0503504,     2.94926,   -0.620588,97546295753161
97515280290491,2,     0.36622,  -0.0553739,     2.94596,   -0.615206,97547067335843
97515280290491,2,    0.366977,  -0.0564079,     2.93116,   -0.592922,97547850754179
97515280290491,2,    0.357139,  -0.0581981,     2.95927,   -0.591338,97548620310705
97515280290491,2,    0.356333,  -0.0509569,     2.93924,   -0.568093,97549310928074
97515280290491,2,     0.36054,  -0.0538531,       2.953,   -0.549099,97550014333669
97515280290491,2,     0.36129,  -0.0529594,     2.95238,    -0.53924,97550763400958
97515280290491,2,    0.363689,  -0.0643032,     2.96882,   -0.515532,97551848238870
97515280290491,2,    0.363911,  -0.0706916,     2.95517,   -0.496483,97552577931552
97515280290491,2,    0.359637,  -0.0620231,      2.9865,   -0.466647,97553461729610
97515280290491,2,    0.259696,  -0.0577238,     2.97454,   -0.441918,97554469803733
97515280290491,2,    0.303735,  -0.0463737,     2.97203,   -0.406526,97555238201906
97515280290491,2,    0.338069,  -0.0272048,     3.00406,   -0.361258,97556007723047
97515280290491,2,    0.357682,  -0.0294678,     2.99683,   -0.343727,97556795363154
97515280290491,2,    0.365276,  -0.0410872,     2.98416,   -0.330923,97557563033026
97515280290491,2,      0.3606,  -0.0375387,     2.98152,   -0.310377,97558296110481
97515280290491,2,    0.366179,   -0.038379,     3.00139,   -0.273706,97559045005508
97515280290491,2,    0.372674,  -0.0437097,     2.98705,   -0.261729,97559833799128
97515280290491,2,     0.37541,  -0.0464069,     2.99016,   -0.225565,97560465688433
97515280290491,2,     0.37921,  -0.0431796,     2.99918,   -0.189863,97561138571261
97515280290491,2,    0.386589,  -0.0394371,      3.0036,   -0.148336,97561853828667
97515280290491,2,    0.390362,  -0.0418097,     3.00015,   -0.108522,97562481688975
97515280290491,2,    0.393971,  -0.0473553,     3.00678,  -0.0731417,97563168450204
97515280290491,2,    0.402824,  -0.0487292,     2.99397,  -0.0456245,97563936723653
97515280290491,2,     0.39721,  -0.0443045,     3.01171,   0.0343391,97564647848525
97515280290491,2,     0.42097,  -0.0436059,     2.99397,   0.0604109,97565362305647
97515280290491,2,    0.445917,  -0.0468677,     3.00861,    0.139575,97566132156989
97515280290491,2,    0.456461,  -0.0430782,     3.00678,    0.207615,97566917478413
97515280290491,2,    0.479739,   -0.051413,     3.00425,    0.237442,97567744235338
97515280290491,2,    0.482727,  -0.0463391,     2.99565,    0.345878,97568432540814
97515280290491,2,    0.529752,  -0.0347188,     2.97553,    0.371791,97569163601464
97515280290491,2,    0.589128,  -0.0313624,     2.98316,     0.46572,97569909258142
97515280290491,2,    0.641753,  -0.0288156,     2.95474,    0.580256,97570657515392
97515280290491,2,    0.681732,  -0.0226465,     2.94146,    0.627467,97571309468917
97515280290491,2,    0.703949,  -0.0199475,      2.9187,    0.751558,97572076565188
97515280290491,2,    0.685771,  -0.0162322,     2.90019,    0.833896,97572766008622
97515280290491,2,    0.657142, 0.000517691,     2.84898,    0.976397,97573512533798
97515280290491,2,    0.624077,  0.00734068,     2.79933,     1.11378,97574267243128
97515280290491,2,    0.605331,   0.0198597,     2.79166,     1.13927,97574973423713
97515280290491,2,     0.55792,   0.0319676,     2.75491,     1.25427,97575768685625
97515280290491,2,    0.536416,   0.0406575,      2.7377,     1.29945,97576495220480
97515280290491,2,     0.50408,    0.046257,     2.67661,     1.34961,97577261170233
97515280290491,2,    0.487072,   0.0591737,     2.68322,     1.39135,97577905370243
97515280290491,2,    0.455573,    0.068305,     2.63978,     1.41587,97578608946684
97515280290491,2,    0.426798,   0.0784538,     2.62007,     1.43549,97579308170705
97515280290491,2,    0.397993,   0.0865712,     2.62169,     1.46177,97580010751146
97515280290491,2,     0.37681,   0.0991709,     2.60964,     1.46758,97580774192600
97515280290491,2,    0.352851,    0.111238,     2.61067,     1.46239,97581531487022
97515280290491,2,    0.353131,     0.11688,      2.6335,     1.47251,97582293576803
97515280290491,2,    0.355687,    0.117282,     2.63212,     1.45471,97583053815891
97515280290491,2,    0.350789,    0.110792,     2.60202,     1.38545,97583735871363
97515280290491,2,    0.351249,    0.115709,     2.59132,      1.3713,97584495807072
97515280290491,2,    0.352647,    0.116987,      2.5515,     1.29864,97585219614632
97515280290491,2,    0.351187,    0.116114,     2.51513,     1.24737,97585996184856
97515280290491,2,    0.351229,    0.114871,     2.48631,     1.20184,97586698645191
97515280290491,2,    0.348884,    0.108496,     2.43654,      1.1324,97587481476447
97515280290491,2,    0.357423,    0.132049,     2.43511,     1.11852,97588220190780
97515280290491,2,    0.354566,    0.138112,     2.39063,     1.05197,97588782500928
97515280290491,2,    0.355683,    0.141753,     2.36902,     1.01141,97589467692179
97515280290491,2,    0.353677,    0.139386,     2.31948,    0.937107,97590302562807
97515280290491,2,    0.354668,    0.147233,     2.29943,    0.901074,97591084852745
97515280290491,2,    0.355207,    0.156143,     2.26311,    0.847129,97591868048839
97515280290491,2,    0.357536,    0.145599,     2.21026,    0.779643,97592629920765
97515280290491,2,    0.353795,    0.135561,     2.16199,    0.709577,97593336147813
97515280290491,2,    0.350779,    0.118803,      2.1289,    0.652482,97594136363872
97515280290491,2,    0.356565,    0.145291,     2.09108,    0.623672,97594840733163
97515280290491,2,    0.350907,    0.132809,     2.04005,    0.570841,97595542335469
97515280290491,2,    0.354914,    0.120053,       2.001,    0.532348,97596224536856
97515280290491,2,     0.35494,    0.131826,     1.95629,    0.490391,97597024495300
97515280290491,2,    0.349884,    0.133209,     1.92611,    0.462771,97597704928888
97515280290491,2,    0.355107,    0.117198,     1.86105,    0.407637,97598368923042
97515280290491,2,    0.355936,     0.11068,     1.83006,     0.38278,97599054884007
97515280290491,2,    0.348405,    0.110966,     1.78203,    0.346807,97599774543393
97515280290491,2,    0.352657,    0.101134,     1.71615,    0.301929,97600494392534
97515280290491,2,    0.355339,    0.114213,     1.66023,    0.276561,97601199349489
97515280290491,2,    0.362834,   0.0983257,     1.62983,     0.25194,97601957996783
97515280290491,2,    0.349428,    0.082689,     1.55415,    0.209202,97602680769772
97515280290491,2,    0.351584,    0.088046,     1.49759,    0.184016,97603383132560
97515280290491,2,    0.359243,   0.0789556,     1.43231,    0.159233,97604107478621
97515280290491,2,    0.353173,   0.0700421,     1.37951,    0.137357,97604786191536
97515280290491,2,      0.3917,   0.0934383,     1.35354,    0.129247,97605527786187
97515280290491,2,    0.428355,   0.0797809,     1.26603,     0.10282,97606290181205
97515280290491,2,    0.464432,   0.0738541,     1.22214,   0.0876404,97606912655960
97515280290491,2,    0.489501,   0.0677421,     1.14821,   0.0698628,97607696115155
97515280290491,2,    0.477527,   0.0577895,     1.10541,   0.0631075,97608472114800
97515280290491,2,    0.453182,   0.0487411,    0.993519,   0.0475064,97609254137060
97515280290491,2,    0.429641,   0.0382908,    0.915654,   0.0353043,97609901151930
97515280290491,2,    0.408224,   0.0230118,    0.867822,   0.0295904,97610645567373
97515280290491,2,    0.380983,   0.0135158,    0.773264,   0.0263873,97611407997309
97515280290491,2,    0.361709, 0.000674564,    0.711169,   0.0237047,97612089863355
97515280290491,2,    0.336913, -0.00873411,    0.638408,   0.0226116,97612749279940
97515280290491,2,    0.316452,  -0.0116349,    0.596105,   0.0231292,97613451858745
97515280290491,2,    0.284569, 4.24341e-05,    0.501482,   0.0245421,97614232412980
97515280290491,2,    0.272151, -0.00143976,    0.467273,   0.0225274,97615073094562
97515280290491,2,     0.24227,  -0.0026948,     0.39412,   0.0247629,97615978167239
97515280290491,2,    0.227669, -0.00824411,     0.37155,     0.02297,97616701257544
97515280290491,2,    0.212678, -0.00830194,    0.324975,   0.0238889,97617446731884
97515280290491,2,    0.193522,  -0.0136748,    0.275336,   0.0229677,97618249396966
97515280290491,2,    0.179537, -0.00842041,    0.255437,   0.0252331,97618970080982
97515280290491,2,    0.159066, -0.00810127,    0.217959,   0.0261995,97619640601739
97515280290491,2,    0.145562, -0.00908681,    0.184665,   0.0275025,97620386175692
97515280290491,2,    0.135467, -0.00328262,    0.161846,   0.0288196,97621071905133
97515280290491,2,    0.117529,  0.00840875,     0.14499,   0.0310956,97621783697759
97515280290491,2,    0.104461,   0.0285857,     0.11563,   0.0299357,97622451472232
97515280290491,2,   0.0955409,   0.0449203,    0.106905,   0.0289665,97623179654072
97515280290491,2,   0.0847881,   0.0767561,   0.0837895,   0.0293093,97623929800349
97515280290491,2,   0.0776489,   0.0954879,    0.077467,   0.0285812,97624678114139
97515280290491,2,   0.0714365,   0.0957543,   0.0703645,   0.0284929,97625348745487
97515280290491,2,   0.0598403,    0.083571,   0.0533836,   0.0283989,97626034101253
97515280290491,2,   0.0504702,   0.0550105,   0.0406003,    0.027811,97626796675039
97515280290491,2,   0.0452262,   0.0918454,   0.0353142,    0.027081,97627457019584
97515280290491,2,   0.0382835,   0.0968041,   0.0289054,   0.0284026,97628141084252
97515280290491,2,   0.0331423,    0.088727,   0.0248614,   0.0271936,97628824658848
97515280290491,2,   0.0273864,   0.0777855,     0.02047,   0.0274231,97629547072681
97515280290491,2,   0.0153734,   0.0491319,   0.0121351,   0.0277369,97630269759286
97515280290491,2,  0.00382874,   0.0123365,  0.00707078,   0.0253043,97630932232334
97515280290491,2,           0,  -0.0548521,  0.00385448,   0.0261522,97631727904039
97515280290491,2,           0,   -0.102497, 0.000983267,   0.0237336,97632506729553
97515280290491,2,           0,  -0.0969419, -0.00134122,   0.0241025,97633186380318
97515280290491,2,           0,  -0.0632118, -0.00358476,   0.0223716,97633886878708
97515280290491,2,           0,  -0.0459517, -0.00315141,   0.0209598,97634526423598
97515280290491,2,           0,   -0.018163, -0.00401537,   0.0198592,97635207684316
