97803910025531,2,           0,           0,     3.00491,   -0.146345,97804633460030
97803910025531,2,           0,           0,     3.00491,   -0.146345,97805296980656
97803910025531,2,           0,           0,     3.00491,   -0.146345,97806025992831
97803910025531,2,   0.0701957,  -0.0235481,     3.00358,   -0.141277,97806712749346
97803910025531,2,    0.142047,  -0.0514485,     2.99789,    -0.13614,97807415105600
97803910025531,2,    0.207786,  -0.0760756,     2.98022,    -0.12268,97808122136140
97803910025531,2,    0.282613,   -0.105023,     3.02844,  -0.0683367,97808849878420
97803910025531,2,    0.352562,    -0.13185,     3.02034,  -0.0645076,97809576057362
97803910025531,2,    0.312562,   -0.117263,     3.02557, -0.00524289,97810223745804
97803910025531,2,    0.312562,   -0.117749,     2.99801,   0.0311607,97810814310554
97803910025531,2,    0.272562,   -0.103584,      3.0062,    0.117453,97811502525979
97803910025531,2,    0.272562,   -0.104242,     2.98371,    0.167459,97812266953649
97803910025531,2,    0.285887,   -0.110325,     3.01685,     0.23065,97813012103418
97803910025531,2,         0.2,  -0.0770279,     2.99333,    0.243461,97813776782863
97803910025531,2,         0.2,  -0.0776499,     2.98535,    0.311737,97814446386659
97803910025531,2,         0.2,  -0.0788964,     2.99364,    0.382192,97815154618236
97803910025531,2,    0.219726,  -0.0876139,     2.95575,    0.431513,97815939240642
97803910025531,2,         0.2,  -0.0803888,     2.96255,     0.47598,97816670621046
97803910025531,2,         0.2,  -0.0815524,     2.96168,    0.520137,97817257056304
97803910025531,2,           0,           0,     2.95804,    0.553366,97817962169158
97803910025531,2,           0,           0,     2.95803,    0.553373,97818633533191
97803910025531,2,           0,           0,     2.95803,    0.553373,97819349018413
97803910025531,2,           0,  -0.0455805,     2.93853,    0.618565,97820018323496
97803910025531,2,           0,   -0.105842,     2.91968,    0.647194,97820730346706
97803910025531,2,           0,   -0.114411,     2.90899,     0.66268,97821499622429
97803910025531,2,           0,  -0.0947844,     2.93603,    0.706207,97822313596263
97803910025531,2,           0,  -0.0643482,     2.92005,     0.75633,97822983318252
97803910025531,2,           0,  -0.0363669,     2.90516,    0.804682,97823693230239
97803910025531,2,           0,  -0.0275327,     2.90048,    0.815222,97824541674449
97803910025531,2,    0.029623,  -0.0104063,     2.88775,    0.851839,97825134842602
97803910025531,2,   0.0952492,  -0.0393501,     2.87611,    0.872552,97825804264106
97803910025531,2,    0.134763,  -0.0566325,     2.86235,    0.884349,97826471940264
97803910025531,2,    0.167213,  -0.0731125,     2.88257,    0.909459,97827189277835
97803910025531,2,    0.189075,  -0.0884684,     2.85872,     0.94096,97827936028527
97803910025531,2,    0.198594,  -0.0982823,     2.83075,    0.960891,97828582032559
97803910025531,2,         0.2,   -0.076003,     2.82105,     1.02278,97829293860223
97803910025531,2,         0.2,  -0.0581006,     2.81042,     1.05907,97830034711838
97803910025531,2,         0.2,  -0.0397503,     2.78812,     1.11235,97830765462920
97803910025531,2,    0.238979,  -0.0696342,     2.76282,     1.12797,97831499660740
97803910025531,2,    0.336293,  -0.0976268,     2.75642,     1.18713,97832286749055
97803910025531,2,    0.399359,   -0.121569,     2.73014,     1.19494,97833038352498
97803910025531,2,    0.451078,   -0.113977,     2.71882,     1.28241,97833743370210
97803910025531,2,    0.518399,  -0.0792577,     2.69016,     1.31556,97834510747552
97803910025531,2,    0.555048,  -0.0527485,     2.65574,     1.37869,97835142160153
97803910025531,2,    0.601805,  -0.0323075,     2.61949,     1.43744,97835874855805
97803910025531,2,     0.63424, -0.00515111,     2.58966,     1.47338,97836559197098
97803910025531,2,    0.656519,  0.00875266,     2.59323,     1.49394,97837359777136
97803910025531,2,    0.648031,   0.0263936,     2.57336,     1.51713,97837984974657
97803910025531,2,    0.638472,   0.0431893,     2.57888,     1.54124,97838612362584
97803910025531,2,    0.633124,   0.0430344,     2.56261,     1.53626,97839336056614
97803910025531,2,     0.62626,   0.0508165,     2.56549,      1.5376,97840014668898
97803910025531,2,    0.620951,   0.0629216,     2.56161,     1.53686,97840762438711
97803910025531,2,    0.617248,   0.0710853,     2.55954,     1.52398,97841443078844
97803910025531,2,    0.612497,    0.104359,     2.58367,     1.50853,97842153670159
97803910025531,2,    0.608192,    0.161362,     2.62782,     1.45809,97842856141819
97803910025531,2,     0.60578,    0.199144,     2.62843,      1.4106,97843641047623
97803910025531,2,    0.603829,    0.218801,     2.67808,     1.34182,97844302879994
97803910025531,2,    0.603528,    0.223961,     2.72527,     1.28006,97845027284386
97803910025531,2,     0.60346,    0.231365,     2.73866,     1.18702,97845848672795
97803910025531,2,    0.603869,    0.206807,     2.81647,     1.07332,97846568031614
97803910025531,2,    0.605453,    0.169108,     2.87187,    0.899987,97847250024898
97803910025531,2,    0.607516,    0.169279,     2.91344,    0.820226,97848028524404
97803910025531,2,     0.61008,    0.126097,     2.95278,    0.687144,97848709575355
97803910025531,2,    0.672993,     0.10141,     2.95879,     0.59734,97849392695347
97803910025531,2,    0.765525,   0.0868873,     2.99968,    0.493952,97850061060675
97803910025531,2,    0.884587,   0.0807719,     2.99349,    0.471758,97850843434595
97803910025531,2,    0.975268,   0.0550021,     3.02415,    0.359376,97851549659020
97803910025531,2,     1.01411,   0.0484274,     3.03712,    0.316266,97852393329161
97803910025531,2,     1.01893,   0.0299739,     3.06017,    0.235963,97853061157165
97803910025531,2,     1.01596,  0.00360717,     3.06283,    0.183653,97853786914310
97803910025531,2,     1.01002, -0.00909998,     3.07648,    0.122414,97854612414470
97803910025531,2,     1.00609,   -0.015337,     3.09513,   0.0801625,97855421685793
97803910025531,2,     1.00363,  -0.0129301,     3.08945,   0.0599735,97856048733079
97803910025531,2,     1.00105,  -0.0108081,     3.09317,    0.033324,97856760376490
97803910025531,2,    0.999918, -0.00961733,     3.09753,   0.0177091,97857469667577
97803910025531,2,    0.999627, -0.00492242,     3.09556,  0.00676466,97858218452298
97803910025531,2,    0.999791, -0.00858866,     3.07817, -0.00649462,97858929748910
97803910025531,2,     1.00059, -0.00652725,     3.08497,   -0.016651,97859558300954
97803910025531,2,     1.00224, -0.00421601,     3.08302,  -0.0218264,97860428643811
97803910025531,2,     1.00324,  -0.0119002,     3.07964,  -0.0323827,97861161119044
97803910025531,2,     1.00659,  -0.0118881,     3.09877,  -0.0311309,97862082273754
97803910025531,2,     1.00716,  -0.0155028,     3.10356,  -0.0441518,97862953565473
97803910025531,2,     1.00951,  -0.0152945,     3.07841,  -0.0433282,97863724838022
97803910025531,2,      1.0145,   0.0192345,     3.07629,   0.0147785,97864456712517
97803910025531,2,      1.0187,   0.0185852,     3.06846,   0.0210521,97865149181792
97803910025531,2,     1.02299,   0.0096931,     3.06052,   0.0271522,97865837584040
97803910025531,2,     1.03087, -0.00396409,     3.08319,   0.0379091,97866603510172
97803910025531,2,      1.0374, -0.00909098,     3.07029,   0.0486598,97867361055102
97803910025531,2,     1.04452,  -0.0185845,     3.04882,   0.0553243,97868045674820
97803910025531,2,     1.05065,  -0.0144522,     3.03484,   0.0794664,97868824721950
97803910025531,2,     1.03915, -0.00855333,     3.03383,    0.111791,97869626170304
97803910025531,2,     1.00489, -0.00452729,     3.04077,    0.155346,97870291222700
97803910025531,2,    0.985459,  -0.0109846,     3.01411,    0.168568,97870995659696
97803910025531,2,    0.956694, -0.00832236,      3.0032,    0.193249,97871706468639
97803910025531,2,    0.901737,  -0.0118401,     3.02215,    0.197804,97872366760081
97803910025531,2,    0.870384,  0.00553693,     3.01895,    0.242814,97873018464243
97803910025531,2,    0.836695,    0.018007,      2.8938,    0.249768,97873721708689
97803910025531,2,    0.809535,   0.0346613,     2.77369,    0.240481,97874462216750
97803910025531,2,    0.791268,   0.0539714,     2.64772,     0.22577,97875223194154
97803910025531,2,    0.768266,   0.0634475,     2.54691,     0.21494,97876041313573
97803910025531,2,    0.749944,   0.0700215,     2.38379,    0.190623,97876704252755
97803910025531,2,    0.734446,    0.067069,     2.26845,    0.162113,97877390421959
97803910025531,2,    0.717883,   0.0613769,     2.12771,    0.131863,97878059358297
97803910025531,2,     0.70524,   0.0645396,     2.02536,    0.121239,97878821386255
97803910025531,2,    0.699869,   0.0463397,     1.92998,   0.0883824,97879600941745
97803910025531,2,    0.687487,   0.0387765,     1.75986,   0.0651707,97880303333291
97803910025531,2,    0.681098,   0.0399442,     1.64814,    0.054603,97881024534673
97803910025531,2,    0.667375,   0.0388311,     1.53416,   0.0453817,97881786721483
97803910025531,2,    0.641897,    0.032113,     1.47814,   0.0392139,97882528425919
97803910025531,2,    0.595752,   0.0229706,     1.32353,    0.025432,97883270841166
97803910025531,2,    0.551681,   0.0178002,     1.19639,   0.0172703,97883998009825
97803910025531,2,    0.523377,   0.0126685,     1.11575,   0.0117135,97884641205836
97803910025531,2,     0.48636,   0.0127779,     1.01009,  0.00828652,97885305559972
97803910025531,2,    0.457114,  0.00807066,    0.928375,  0.00466923,97885999672130
97803910025531,2,    0.431107,  0.00291204,    0.871277, 0.000752758,97886703809359
97803910025531,2,    0.399219,  0.00107203,     0.76976, -0.00216739,97887546049850
97803910025531,2,    0.376457,  0.00303794,    0.708637, -0.00266706,97888248236458
97803910025531,2,    0.345991,  0.00405284,    0.628686, -0.00385248,97888951612904
97803910025531,2,    0.328879,  0.00469386,    0.583965, -0.00498391,97889595089958
97803910025531,2,    0.300083,  0.00307753,    0.523628, -0.00680028,97890283077700
97803910025531,2,    0.280545, -0.00528955,    0.464723,  -0.0082707,97890965213048
97803910025531,2,     0.25513, -0.00173662,     0.42283, -0.00917758,97891606397246
97803910025531,2,    0.239503, -0.00343578,    0.368563,  -0.0103098,97892289037221
97803910025531,2,    0.224573,-0.000441018,     0.34493,  -0.0104879,97893037114531
97803910025531,2,      0.2078,  0.00241839,    0.304293,  -0.0105074,97893805660289
97803910025531,2,    0.184014,  0.00218016,    0.249633,  -0.0107748,97894590563794
97803910025531,2,     0.17294,  0.00147321,     0.22768,  -0.0106691,97895236118958
97803910025531,2,    0.149727,  0.00507691,    0.184101,  -0.0101735,97896023457206
97803910025531,2,    0.135277,  0.00361799,    0.161192, -0.00981204,97896713681177
97803910025531,2,    0.118885,  0.00267619,    0.142418,  -0.0120471,97897458577229
97803910025531,2,    0.102723,  0.00516578,    0.114086,  -0.0128022,97898108944547
97803910025531,2,   0.0898931,  0.00250256,   0.0930829,   -0.011911,97898834888758
97803910025531,2,   0.0795306,  0.00210651,   0.0831888,  -0.0124137,97899585877970
97803910025531,2,   0.0675307,  0.00530775,   0.0621319,  -0.0127995,97900291600254
97803910025531,2,   0.0579075,  0.00104197,   0.0501817,  -0.0142632,97901012727773
97803910025531,2,   0.0461722, 0.000849515,   0.0369465,  -0.0139259,97901675350140
97803910025531,2,   0.0374034, 0.000314057,   0.0297694,  -0.0140507,97902437658446
97803910025531,2,   0.0264889, 0.000452209,   0.0186208,  -0.0108696,97903148904793
97803910025531,2,   0.0166049, 0.000238066,   0.0116674,  -0.0101051,97903790275673
97803910025531,2,  0.00567964, 6.52712e-05,  0.00627243,  -0.0101141,97904534356495
97904942893173,2,           0,           0,   -0.201929,     2.98351,97905236822017
97904942893173,2,           0,           0,   -0.201929,     2.98351,97905960208332
97904942893173,2,           0,           0,   -0.201929,     2.98351,97906663372456
97904942893173,2,           0,   0.0918273,   -0.189109,     2.98383,97907329514430
97904942893173,2,           0,    0.321279,   -0.201931,     2.98089,97908034955978
97904942893173,2,           0,    0.536557,  -0.0479774,     2.98763,97908843610361
97904942893173,2,           0,     0.69189,    0.142269,     2.98934,97909596077619
97904942893173,2,           0,    0.782041,    0.304347,     2.98183,97910205155787
97904942893173,2,           0,    0.837933,    0.760014,     2.90423,97910919491886
97904942893173,2,           0,     0.78609,     1.17484,     2.76174,97911723878170
97904942893173,2,           0,    0.726932,     1.56455,     2.56802,97912477891823
97904942893173,2,           0,    0.658997,     1.92664,     2.30516,97913284611146
97904942893173,2,           0,    0.624897,     2.08288,     2.16799,97914051646715
97904942893173,2,           0,    0.564603,     2.32516,     1.90283,97914738038861
97904942893173,2,           0,    0.560688,     2.48122,       1.693,97915506092499
97904942893173,2,           0,    0.542226,     2.62621,     1.43943,97916222330422
97904942893173,2,           0,    0.475855,     2.76475,     1.13282,97916930099028
97904942893173,2,           0,    0.468824,       2.817,     1.00078,97917798974306
97904942893173,2,           0,    0.425789,     2.90772,    0.668033,97918505117102
97904942893173,2,           0,    0.379204,     2.94825,    0.484373,97919119079897
97904942893173,2,           0,    0.324133,     2.97017,    0.325069,97919866692271
97904942893173,2,           0,    0.271818,     3.02143, -0.00140635,97920599021288
97904942893173,2,           0,    0.222869,     3.01061,   -0.178023,97921310213616
97904942893173,2,           0,     0.19683,     3.00023,   -0.263476,97921947414175
97904942893173,2,           0,    0.152135,     2.98091,   -0.389077,97922615227664
97904942893173,2,           0,   0.0928348,      2.9588,   -0.521165,97923289098932
97904942893173,2,           0,   0.0757606,     2.95106,   -0.546968,97924077952229
97904942893173,2,           0,   0.0807838,     2.94923,   -0.543305,97924745788454
97904942893173,2,           0,   0.0463895,     2.94148,   -0.554355,97925693524318
97904942893173,2,           0,   0.0761695,     2.92053,   -0.643328,97926299846576
97904942893173,2,           0,   0.0228401,     2.89727,   -0.728677,97927031871473
97904942893173,2,           0, 1.45018e-05,     2.89316,   -0.748218,97927702777994
97904942893173,2,   0.0705988,   0.0160421,     2.88821,   -0.759575,97928410698879
97904942893173,2,    0.166698,   0.0128388,     2.91972,   -0.782056,97929162279196
97904942893173,2,    0.227428,   0.0169017,     2.91277,   -0.779998,97929774226859
97904942893173,2,    0.286628,   0.0172933,     2.88826,   -0.787151,97930462654125
97904942893173,2,    0.337733,   0.0251386,      2.8953,   -0.808171,97931188785280
97904942893173,2,    0.374232,   0.0309772,     2.89549,   -0.816119,97931859225606
97904942893173,2,    0.402416,   0.0341237,     2.88776,   -0.868783,97932605777749
97904942893173,2,    0.411866,   0.0328819,     2.86046,   -0.874511,97933332622488
97904942893173,2,    0.402782,   0.0211504,     2.86362,   -0.948128,97934060545335
97904942893173,2,    0.425652,   0.0407578,     2.83658,   -0.976796,97934768289723
97904942893173,2,    0.492114,   0.0645821,     2.81813,    -1.02268,97935536997521
97904942893173,2,    0.539209,   0.0652521,     2.80997,    -1.08619,97936205212383
97904942893173,2,    0.561077,   0.0661857,     2.78934,    -1.11075,97936852264661
97904942893173,2,     0.48771,   0.0694064,     2.77905,    -1.19555,97937594260760
97904942893173,2,    0.422639,   0.0520293,     2.72043,    -1.29084,97938280147397
97904942893173,2,    0.380324,   0.0397264,       2.706,    -1.34171,97939026090128
97904942893173,2,    0.363605,  0.00746871,       2.678,    -1.39076,97939712091128
97904942893173,2,    0.369801,  -0.0125066,     2.66578,    -1.46333,97940435475272
97904942893173,2,    0.373154,  -0.0242042,     2.66153,    -1.50063,97941179284211
97904942893173,2,    0.374486,  -0.0334461,     2.65073,     -1.5238,97941924461498
97904942893173,2,    0.374189,  -0.0376087,      2.6397,    -1.53836,97942708157837
97904942893173,2,     0.37216,  -0.0485843,     2.62225,    -1.53782,97943435158740
97904942893173,2,    0.372865,  -0.0627811,     2.61875,    -1.55537,97944161066998
97904942893173,2,    0.357579,  -0.0835147,     2.63264,    -1.56026,97944885835434
97904942893173,2,     0.35237,   -0.131606,     2.62929,    -1.56634,97945614825197
97904942893173,2,    0.349505,   -0.137516,     2.64506,    -1.53183,97946317587588
97904942893173,2,    0.347849,   -0.130045,     2.67596,    -1.49947,97947042450647
97904942893173,2,     0.34692,   -0.144578,     2.71894,    -1.46351,97947752387238
97904942893173,2,    0.348293,   -0.123409,     2.73488,    -1.40227,97948435605908
97904942893173,2,    0.353901,   -0.118544,     2.75728,    -1.36167,97949084730453
97904942893173,2,    0.355419,   -0.155426,     2.79164,    -1.35317,97949887650003
97904942893173,2,    0.352177,    -0.14119,     2.81098,    -1.28546,97950651317700
97904942893173,2,    0.353985,   -0.135924,     2.84333,    -1.24653,97951435915556
97904942893173,2,    0.350151,    -0.14929,     2.87064,    -1.20351,97952083063261
97904942893173,2,    0.361588,   -0.119403,     2.89285,     -1.1445,97952811588470
97904942893173,2,    0.366933,   -0.106472,      2.9281,    -1.08177,97953477387675
97904942893173,2,    0.383157,   -0.103351,     2.92551,     -1.0379,97954163631028
97904942893173,2,    0.402638,   -0.110478,     2.96306,     -1.0128,97954849084004
97904942893173,2,    0.412029,   -0.119667,     2.96949,   -0.956783,97955514917866
97904942893173,2,    0.412131,   -0.117764,     2.99867,   -0.900803,97956219382567
97904942893173,2,    0.439064,   -0.128524,     2.98997,   -0.850413,97957041548271
97904942893173,2,     0.45041,   -0.106278,     3.02558,   -0.802562,97957709138911
97904942893173,2,    0.446413,  -0.0883788,     3.03332,   -0.746929,97958393776053
97904942893173,2,    0.440694,  -0.0821279,     3.01766,   -0.720038,97959145265688
97904942893173,2,    0.434974,  -0.0796456,     3.03831,   -0.679217,97959831970184
97904942893173,2,    0.428417,  -0.0995587,     3.03706,   -0.650516,97960561370671
97904942893173,2,    0.425861,  -0.0846261,      3.0488,   -0.605702,97961271017747
97904942893173,2,    0.421224,  -0.0959885,     3.04643,   -0.551944,97962007031679
97904942893173,2,    0.441642,    -0.19783,     3.04144,   -0.560847,97962772137523
97904942893173,2,    0.502607,   -0.190218,     3.06595,   -0.436026,97963470700557
97904942893173,2,    0.554532,   -0.150217,     3.08275,   -0.358233,97964157295547
97904942893173,2,    0.614793,   -0.126248,     3.07304,   -0.272464,97964860378465
97904942893173,2,    0.662841,  -0.0991798,     3.06638,   -0.198027,97965485299858
97904942893173,2,    0.702004,  -0.0711605,     3.06682,   -0.138862,97966147458667
97904942893173,2,    0.728053,  -0.0496642,     3.06726,  -0.0799681,97966792567154
97904942893173,2,    0.727786,  -0.0277489,     3.07694,  -0.0306587,97967513343308
97904942893173,2,    0.712845,  -0.0160456,     3.06642,  -0.0051855,97968277792095
97904942893173,2,    0.701455,  -0.0191245,     3.06034, -0.00194491,97969033317472
97904942893173,2,    0.679929, -0.00833524,     3.05929,   0.0275463,97969774020465
97904942893173,2,    0.670823,   0.0048413,     3.03983,    0.041959,97970438388218
97904942893173,2,      0.6338,  0.00747272,     3.04263,   0.0586387,97971143505762
97904942893173,2,    0.613354,    0.010288,      3.0327,   0.0666933,97971902088354
97904942893173,2,    0.596185,   0.0187176,     3.03251,   0.0793379,97972553067100
97904942893173,2,    0.572557,   0.0119589,     3.02603,   0.0797006,97973262319984
97904942893173,2,     0.54693,   0.0294001,     3.03309,   0.0832156,97974004805684
97904942893173,2,    0.532712,   0.0605892,     3.03962,   0.0743689,97974688921853
97904942893173,2,    0.525674,   0.0940869,     3.01555,   0.0601521,97975374054586
97904942893173,2,    0.520864,    0.122778,     3.01299,   0.0441084,97976022474543
97904942893173,2,    0.511584,    0.197482,     2.99559,  -0.0635099,97976721120775
97904942893173,2,    0.503998,    0.263132,     2.99825,    -0.12485,97977486342639
97904942893173,2,    0.502033,    0.268557,     2.98651,   -0.223415,97978310238132
97904942893173,2,    0.456604,    0.222447,     2.98866,   -0.310219,97978933338969
97904942893173,2,    0.328786,    0.180318,     2.96496,    -0.44951,97979667811843
97904942893173,2,    0.328786,    0.202955,     2.94888,   -0.611764,97980449426066
97904942893173,2,    0.328786,    0.192896,     2.92464,   -0.690591,97981230070510
97904942893173,2,    0.242693,    0.181702,     2.90904,   -0.732014,97982071326584
97904942893173,2,    0.242693,    0.133729,     2.88185,   -0.869415,97982793821587
97904942893173,2,    0.242693,   0.0655093,     2.83239,   -0.983474,97983458904572
97904942893173,2,    0.296624,   0.0476185,     2.80509,    -1.04497,97984119477028
97904942893173,2,    0.378619,   0.0477798,      2.8013,    -1.09004,97984836588924
97904942893173,2,     0.43892,   0.0470036,     2.77918,    -1.11111,97985442306677
97904942893173,2,    0.501709,   0.0486827,     2.76847,    -1.14098,97986144338526
97904942893173,2,    0.579551,   0.0563952,     2.75375,    -1.17352,97986839793889
97904942893173,2,    0.644539,   0.0630204,     2.74884,    -1.21561,97987527236723
97904942893173,2,    0.700028,   0.0718972,     2.73306,    -1.23904,97988230998229
97904942893173,2,    0.739305,   0.0567881,      2.7268,    -1.28637,97988853910441
97904942893173,2,     0.77096,   0.0349621,     2.70045,    -1.35922,97989543540535
97904942893173,2,     0.79107,   0.0335986,     2.65328,    -1.39202,97990356418012
97904942893173,2,    0.776529,   0.0245622,     2.64551,    -1.41254,97991028232773
97904942893173,2,    0.764857,   0.0132368,     2.64234,    -1.44797,97991718379825
97904942893173,2,    0.749034,  0.00931827,     2.61076,    -1.46484,97992410632644
97904942893173,2,    0.735232, -0.00144623,     2.59692,    -1.49754,97993145258537
97904942893173,2,    0.726668,  -0.0143459,      2.6158,    -1.51275,97993814859123
97904942893173,2,    0.715468,   -0.039079,     2.60837,    -1.52035,97994547437106
97904942893173,2,     0.70539,  -0.0694773,     2.60504,    -1.51177,97995340200850
97904942893173,2,     0.70013,  -0.0836844,     2.60991,    -1.50704,97996009408641
97904942893173,2,    0.695299,   -0.108202,     2.60915,     -1.4827,97996781371565
97904942893173,2,    0.688348,   -0.142035,      2.6493,    -1.42167,97997416173387
97904942893173,2,    0.684357,    -0.16527,      2.7062,    -1.35114,97998127465125
97904942893173,2,    0.681402,   -0.198683,     2.73913,    -1.27849,97998835177796
97904942893173,2,    0.679722,   -0.192682,     2.80135,    -1.17395,97999586586569
97904942893173,2,    0.678528,    -0.18539,      2.8496,    -1.06195,98000276129984
97904942893173,2,    0.678144,   -0.167674,      2.8904,    -0.92896,98001005594088
97904942893173,2,    0.678518,    -0.15656,     2.93289,   -0.810107,98001758712617
97904942893173,2,    0.679807,   -0.135773,     2.97413,   -0.700581,98002944455161
97904942893173,2,    0.681163,   -0.138891,      2.9806,    -0.63623,98003715734988
97904942893173,2,     0.72321,    -0.10968,     3.01978,   -0.537253,98004625207720
97904942893173,2,    0.799481,  -0.0765877,     3.01129,   -0.393629,98005395326915
97904942893173,2,    0.855054,  -0.0585347,     3.06273,   -0.264086,98006088707793
97904942893173,2,    0.896443,  -0.0355977,     3.07755,   -0.168321,98006763200478
97904942893173,2,    0.921839,  -0.0324962,     3.08913,  -0.0948942,98007451683836
97904942893173,2,    0.908827,   -0.023999,     3.10074,  -0.0169743,98008161093665
97904942893173,2,    0.886206,  -0.0109227,     2.96166,-0.000149051,98008812896327
97904942893173,2,    0.861585, -0.00793883,     2.79816,  0.00374342,98009501341976
97904942893173,2,    0.841748, -0.00696053,     2.74535,  0.00636366,98010377654162
97904942893173,2,     0.82014,  0.00345522,     2.59598,   0.0139176,98011072411798
97904942893173,2,    0.785066,  0.00892543,     2.37803,   0.0167202,98011800243172
97904942893173,2,    0.765979,  0.00765157,     2.31494,   0.0180153,98012466889508
97904942893173,2,    0.733794,  0.00643426,      2.1834,   0.0145534,98013256552976
97904942893173,2,    0.703228,  0.00874886,     1.97139,   0.0114199,98013964451772
97904942893173,2,    0.680683,  0.00183866,     1.86813,  0.00346945,98014636519410
97904942893173,2,    0.668453,-0.000796122,     1.81318, 0.000977252,98015340669096
97904942893173,2,    0.641895, -0.00143574,     1.69638, 0.000690403,98016029813091
97904942893173,2,    0.603977,  0.00426941,     1.54843,  0.00584024,98016860021334
97904942893173,2,    0.582463,  0.00150456,     1.48689,  0.00167202,98017611909414
97904942893173,2,    0.555168,  -0.0014998,     1.35354,-0.000730449,98018315643118
97904942893173,2,    0.518241,  0.00216835,     1.23534, 0.000520746,98019045771805
97904942893173,2,    0.494611, -0.00111192,     1.14874,-0.000236727,98019754381967
97904942893173,2,     0.47927,  0.00177695,     1.08102,  0.00153227,98020496668310
97904942893173,2,    0.450471,  0.00413053,    0.983655,  0.00206264,98021245247361
97904942893173,2,    0.424747,  0.00480918,    0.899913,  0.00311829,98021994191567
97904942893173,2,    0.403324, 7.66281e-05,    0.832059, 0.000225528,98022601472880
97904942893173,2,    0.381957,  0.00550553,    0.766198, 0.000502697,98023349126088
97904942893173,2,     0.36006, -0.00218187,     0.70151, -0.00203327,98023997644834
97904942893173,2,    0.338559, -0.00384912,     0.66093, -0.00190871,98024725666494
97904942893173,2,    0.319851, -0.00339639,    0.584878,-0.000483197,98025416849578
97904942893173,2,    0.293746, 0.000919053,    0.513893,  0.00245367,98026123524949
97904942893173,2,    0.275786,   0.0027833,    0.467032,  0.00315909,98026773888728
97904942893173,2,    0.261819,  0.00649112,    0.437768,   0.0034733,98027460201733
97904942893173,2,    0.237459,  0.00291548,    0.371968,  0.00409605,98028145219555
97904942893173,2,    0.225541,  0.00127138,    0.343936,  0.00353717,98028854219671
97904942893173,2,    0.203389,    0.004021,    0.293953,  0.00295841,98029562607868
97904942893173,2,    0.185669,-0.000634929,    0.255379,  0.00336598,98030307809431
97904942893173,2,    0.163957, -0.00142768,    0.211255,  0.00342854,98031013742025
97904942893173,2,    0.152113, -0.00396924,    0.190958,  0.00275964,98031757858657
97904942893173,2,    0.139878, -0.00381057,    0.169323,  0.00317477,98032432986501
97904942893173,2,    0.123545, -0.00304337,    0.140664,  0.00168381,98033096692493
97904942893173,2,    0.104353, 0.000338732,     0.11514,-0.000669561,98033840090245
97904942893173,2,   0.0880438, -0.00103994,   0.0916526, 0.000162257,98034609415690
97904942893173,2,   0.0731127, -0.00216724,    0.069464,  0.00212929,98035302725971
97904942893173,2,   0.0669868,  0.00207381,   0.0627292,  0.00214875,98036006196427
97904942893173,2,   0.0564729, 0.000981152,   0.0485741,  0.00334329,98036732328975
97904942893173,2,   0.0438069,-5.46306e-05,   0.0369775,  0.00124951,98037494066147
97904942893173,2,   0.0343029, 0.000115962,   0.0274193, 0.000358563,98038261116290
97904942893173,2,   0.0258522, 5.32617e-05,   0.0182003,-8.54777e-05,98038997863774
97904942893173,2,   0.0184797, 6.38574e-05,   0.0129329, 0.000222406,98039761022144
97904942893173,2,   0.0110218, 4.66774e-05,  0.00863232, 0.000861137,98040561503593
97904942893173,2,           0, -0.00692534,  0.00424521,-0.000538136,98041238053582
97904942893173,2,           0,   -0.225477,  0.00347438, -0.00157606,98041899680784
97904942893173,2,           0,   -0.411025,  0.00417732, -0.00370671,98042563698828
97904942893173,2,           0,   -0.577072,  0.00220371, -0.00407461,98043302339725
97904942893173,2,           0,   -0.703136, -0.00225555, -0.00373057,98044082672115
97904942893173,2,           0,   -0.774507, -0.00180751, -0.00539124,98044863581119
97904942893173,2,           0,   -0.716007,  0.00359092, -0.00227529,98045585818757
97904942893173,2,           0,   -0.662941,  0.00879001, -0.00480707,98046421690129
97904942893173,2,           0,   -0.623328,   0.0143151, -0.00344255,98047216940830
97904942893173,2,           0,   -0.581996,    0.019007, -0.00449268,98048167625011
97904942893173,2,           0,   -0.512005,   0.0343529,  0.00143319,98048889209807
97904942893173,2,           0,    -0.44984,   0.0356002,  0.00862395,98049591351572
97904942893173,2,           0,     -0.3977,   0.0407375,   0.0136459,98050256464680
97904942893173,2,           0,   -0.337702,   0.0504578,   0.0208593,98050921763617
97904942893173,2,           0,   -0.299997,   0.0504976,   0.0243713,98051640087147
97904942893173,2,           0,   -0.256793,   0.0545851,   0.0319193,98052342191839
97904942893173,2,           0,   -0.205211,   0.0568536,   0.0380684,98053001176094
97904942893173,2,           0,   -0.166779,     0.05997,   0.0458208,98053761898580
97904942893173,2,           0,   -0.123752,   0.0621915,    0.049922,98054346291567
97904942893173,2,           0,   -0.092098,   0.0633456,   0.0551167,98055125733435
97904942893173,2,           0,  -0.0780498,   0.0665415,   0.0595056,98055768163564
97904942893173,2,           0,  -0.0459397,   0.0690943,   0.0615871,98056545966483
97904942893173,2,           0,  -0.0096136,   0.0728087,   0.0617728,98057304694468
97904942893173,2,           0,  -0.0105356,   0.0767889,   0.0629985,98058085421953
98058551157822,2,           0,           0,   0.0806964,   0.0634962,98058767606270
98058551157822,2,           0,           0,   0.0806964,   0.0634962,98059469794166
98058551157822,2,           0,           0,   0.0806964,   0.0634962,98060210659018
98058551157822,2,           0,   -0.135906,    -3.01346,  -0.0748474,98060939735512
98058551157822,2,           0,   -0.416825,    -3.00359,   -0.211063,98061704151023
98058551157822,2,           0,   -0.637844,    -3.00146,   -0.240251,98062411243643
98058551157822,2,           0,   -0.811926,    -2.99089,   -0.340647,98063074075722
98058551157822,2,           0,   -0.950526,    -2.87464,   -0.901183,98063736325244
98058551157822,2,           0,    -1.05675,    -2.87576,   -0.899907,98064416336648
98058551157822,2,           0,    -1.11751,    -2.63491,    -1.48319,98065118122699
98058551157822,2,           0,    -1.08301,    -2.10252,    -2.16802,98065799468002
98058551157822,2,           0,    -1.07042,    -2.05243,    -2.20279,98066575872465
98058551157822,2,           0,    -1.01542,    -1.29737,    -2.70688,98067337384147
98058551157822,2,           0,   -0.969458,   -0.756987,    -2.93506,98067983750151
98058551157822,2,           0,   -0.917807,   -0.178073,    -3.02116,98068807845611
98058551157822,2,           0,    -0.87433,    0.269945,    -3.00683,98069495141757
98058551157822,2,           0,   -0.809064,    0.842343,    -2.88693,98070224894446
98058551157822,2,           0,   -0.797829,    0.891671,    -2.87574,98070949857844
98058551157822,2,           0,   -0.718037,     1.49197,    -2.60528,98071674793553
98058551157822,2,           0,   -0.647219,     1.90325,    -2.37047,98072455797941
98058551157822,2,           0,   -0.617664,     2.04614,    -2.24736,98073070542049
98058551157822,2,           0,   -0.547554,     2.32902,    -1.94022,98073778917841
98058551157822,2,           0,   -0.482905,     2.52843,    -1.66136,98074489727111
98058551157822,2,           0,   -0.429526,     2.67185,    -1.40024,98075158413763
98058551157822,2,           0,   -0.389155,     2.76231,    -1.20963,98075945149341
98058551157822,2,           0,   -0.337592,     2.86318,   -0.960208,98076677323155
98058551157822,2,           0,   -0.306248,      2.9113,    -0.81201,98077445334235
98058551157822,2,           0,   -0.258183,     2.96016,   -0.613794,98078098758694
98058551157822,2,           0,   -0.216397,     2.98686,   -0.457145,98078826691021
98058551157822,2,           0,   -0.201182,     2.99338,   -0.405152,98079669872438
98058551157822,2,           0,    -0.13838,     3.00605,   -0.219665,98080397485618
98058551157822,2,           0,  -0.0972502,     3.00085,   -0.118937,98081104459702
98058551157822,2,           0,  -0.0631236,     3.01842,  -0.0466288,98081871374427
98058551157822,2,           0,  -0.0425068,     3.01568, -0.00769397,98082579705515
98058551157822,2,           0,  -0.0176638,      3.0142,   0.0289724,98083225126508
98058551157822,2,           0,  -0.0135684,     3.01319,   0.0404602,98084014158397
98058551157822,2,           0, -0.00462439,     3.00691,   0.0551968,98084678907717
98058551157822,2,    0.112814,   0.0400328,     2.99695,   0.0566322,98085490616245
98058551157822,2,    0.290537,    0.103099,      3.0168,   0.0427618,98086279359031
98058551157822,2,    0.451431,    0.160193,     3.02204,   0.0513072,98087051542079
98058551157822,2,    0.577991,    0.110675,     3.03168,  -0.0158717,98087699065014
98058551157822,2,    0.716116,   0.0913869,       3.017,  -0.0427698,98088467338658
98058551157822,2,    0.847862,   0.0462392,     2.99347,   -0.106715,98089276632903
98058551157822,2,    0.949439,  0.00397555,     3.02463,    -0.14225,98089964532261
98058551157822,2,     1.05039,  -0.0333656,     3.01431,   -0.166664,98090733658181
98058551157822,2,     1.14245,  -0.0510746,      2.9955,   -0.169585,98091542402966
98058551157822,2,     1.21136,  -0.0560417,       3.024,   -0.159685,98092251530112
98058551157822,2,     1.27155,  -0.0644882,     3.00425,   -0.154028,98092992195987
98058551157822,2,     1.31631,   -0.064661,     3.01569,   -0.132449,98093696849895
98058551157822,2,     1.34905,  -0.0522939,     3.01871,   -0.104426,98094444637838
98058551157822,2,     1.35758,  -0.0417199,     2.99493,   -0.079462,98095212735899
98058551157822,2,     1.34982,  -0.0367501,     3.00784,  -0.0720059,98095940099203
98058551157822,2,      1.3328,  -0.0368658,     3.02774,  -0.0523187,98096669960641
98058551157822,2,     1.31819,  -0.0256892,      2.9997,   -0.035863,98097441651296
98058551157822,2,     1.30797,  -0.0161002,     3.01772,  -0.0238415,98098188865220
98058551157822,2,     1.29172, -0.00204145,     3.01222,  -0.0100732,98098960561794
98058551157822,2,     1.27168, -0.00740083,     3.01077,  -0.0106204,98099652261086
98058551157822,2,     1.25505, -0.00642808,     3.00863, -0.00838696,98100466025957
98058551157822,2,     1.24245,   0.0101623,     3.02674,  0.00679519,98101236764070
98058551157822,2,     1.22333,  0.00840841,     3.01659,  0.00526984,98102087527550
98058551157822,2,     1.21208,  0.00279131,     3.01061,  -0.0065575,98102775545571
98058551157822,2,     1.19154,  0.00219521,     3.02672,  -0.0129094,98103483821766
98058551157822,2,      1.1704,-0.000470059,     2.99596,  -0.0150199,98104213242684
98058551157822,2,     1.15411,  -0.0032503,     3.03147,  -0.0162997,98104945705924
98058551157822,2,     1.13033, -0.00345072,     3.01278,  -0.0123572,98105629716134
98058551157822,2,     1.11044, -0.00191602,     3.02233,  -0.0112076,98106413977335
98058551157822,2,     1.08796, -0.00115585,     3.01687,  -0.0153875,98107188724001
98058551157822,2,     1.06451, -0.00152481,     3.02909,  -0.0142309,98107914869846
98058551157822,2,     1.04112, -0.00416399,     3.01503,  -0.0171314,98108684270829
98058551157822,2,     1.02052, -0.00450381,     3.02738,  -0.0114633,98109434322550
98058551157822,2,     1.00802, -0.00519829,     3.03547,  -0.0104528,98110126050381
98058551157822,2,    0.968951, -0.00219267,     3.02958, -0.00531524,98110879368982
98058551157822,2,    0.949478, -0.00764025,     3.00859,  -0.0097824,98111628688223
98058551157822,2,    0.924245, -0.00769586,     3.04781,  -0.0102548,98112335548405
98058551157822,2,    0.892615, -0.00370806,     3.00728, -0.00269937,98113065854375
98058551157822,2,    0.871108, -0.00031902,     2.85308, 0.000270213,98113834793381
98058551157822,2,    0.853302, 1.54865e-05,     2.78131,  0.00165472,98114542473743
98058551157822,2,    0.818567,-0.000106999,     2.58203,  0.00409274,98115369436993
98058551157822,2,    0.805655, -0.00238759,     2.46012,  0.00156854,98116121438484
98058551157822,2,      0.7667, 0.000638642,     2.28348,-0.000481263,98116827911998
98058551157822,2,     0.74708,  0.00111121,     2.18385, 7.93827e-06,98117455915727
98058551157822,2,    0.715112,  0.00182102,     2.02595, 0.000548307,98118145635366
98058551157822,2,    0.685951,  0.00306819,     1.89202,  0.00149542,98118833881609
98058551157822,2,    0.659583, 0.000773957,      1.8108, 0.000158724,98119587499420
98058551157822,2,    0.640468,  0.00220419,     1.68625,  0.00195158,98120253324311
98058551157822,2,    0.616318,-0.000570788,        1.57,-0.000474284,98120948698384
98058551157822,2,    0.586516,   -0.003787,     1.45702, -0.00402923,98121714877502
98058551157822,2,    0.556171, -0.00249919,     1.36654, -0.00125328,98122480454313
98058551157822,2,    0.531783,-0.000214052,     1.26744, 0.000187144,98123345734418
98058551157822,2,    0.513719,  0.00167096,     1.22177,  0.00164301,98124135616746
98058551157822,2,    0.486309,  0.00490797,     1.12928,  0.00254124,98124903253541
98058551157822,2,    0.455885,  0.00116526,     1.00228,   0.0010698,98125649903530
98058551157822,2,     0.43577,  0.00133388,    0.938653,  0.00121924,98126300823432
98058551157822,2,     0.41629, -0.00299749,    0.883016,-0.000131152,98127013507974
98058551157822,2,    0.384995, -0.00230319,    0.806916, 4.99304e-05,98127759349195
98058551157822,2,    0.366625, -0.00550871,    0.749624, 0.000750049,98128545934952
98058551157822,2,    0.343419, -0.00117074,    0.653339,  0.00410185,98129296217123
98058551157822,2,    0.314042,  0.00356096,    0.592249,  0.00839974,98130048229239
98058551157822,2,    0.297278,   0.0086698,    0.532145,   0.0108214,98130817284248
98058551157822,2,    0.283898,   0.0060516,    0.496798,   0.0112689,98131506114458
98058551157822,2,    0.257516,  0.00610078,     0.44082,    0.010122,98132192602016
98058551157822,2,    0.236518,  0.00186137,    0.380735,  0.00734039,98132941829012
98058551157822,2,    0.215691, -0.00297852,    0.331233,  0.00826018,98133725810067
98058551157822,2,    0.207571, -0.00204854,    0.308549,  0.00928044,98134448122259
98058551157822,2,     0.18069, -0.00193159,    0.255872,   0.0107705,98135251549688
98058551157822,2,    0.159941,-0.000429563,    0.237615,   0.0124104,98136054676411
98058551157822,2,    0.153969,  -0.0020171,     0.20255,   0.0126007,98136835640950
98058551157822,2,    0.134305, -0.00143964,    0.171234,   0.0122776,98137562546185
98058551157822,2,    0.122723, -0.00258797,    0.145462,    0.015626,98138246903526
98058551157822,2,    0.108496, -0.00300284,    0.121984,   0.0144786,98139011011155
98058551157822,2,   0.0919609, -0.00477126,   0.0997142,   0.0117315,98139757286668
98058551157822,2,   0.0803625, -0.00347722,   0.0879527,   0.0139123,98140521110254
98058551157822,2,   0.0721328, -0.00346212,   0.0704649,   0.0161455,98141154304585
98058551157822,2,   0.0587256, -0.00512731,   0.0513276,   0.0150703,98141905733599
98058551157822,2,   0.0502504, -0.00224004,   0.0415858,    0.016924,98142673989185
98058551157822,2,     0.04183, -0.00109331,   0.0326561,     0.01629,98143434371080
98058551157822,2,   0.0323185, -0.00037894,   0.0244737,   0.0175133,98144217519888
98058551157822,2,   0.0230607,-0.000408312,   0.0162178,   0.0196768,98144962704290
98058551157822,2,   0.0125605,-0.000189895,  0.00942144,   0.0221827,98145611652447
98058551157822,2,  0.00065864,-7.37273e-06,  0.00518877,   0.0194805,98146299720203
98146471303600,2,           0,           0,      3.0123,   0.0646228,98147057463762
98146471303600,2,           0,           0,      3.0123,   0.0646228,98147721777349
98146471303600,2,           0,           0,      3.0123,   0.0646228,98148444816597
98146471303600,2,           0,   0.0154846,     3.01207,   0.0618864,98149235798788
98146471303600,2,           0,   0.0147473,      3.0135,   0.0600584,98149886288140
98146471303600,2,           0,   0.0096503,     3.01591,   0.0534001,98150539341484
98146471303600,2,    0.033036,  0.00688865,     3.01551,    0.052564,98151349760758
98146471303600,2,    0.183492,   0.0469306,     3.00453,   0.0368214,98152005889329
98146471303600,2,    0.325095,   0.0569912,     3.01241,   0.0434353,98152732494132
98146471303600,2,     0.40561,   0.0466478,     3.00161,   0.0164975,98153481574830
98146471303600,2,    0.472884,    0.031737,      2.9933,  0.00250864,98154206052657
98146471303600,2,    0.521203,   0.0106423,     3.02938,  -0.0269749,98154871498208
98146471303600,2,    0.567206,  0.00340168,      3.0114,  -0.0350147,98155729926272
98146471303600,2,    0.585053,   0.0019104,     2.99661,   -0.040663,98156530440349
98146471303600,2,    0.567307,  0.00119416,     2.99744,  -0.0456532,98157299798774
98146471303600,2,    0.560277, 0.000579252,     3.00672,  -0.0454859,98157993489627
98146471303600,2,    0.546083,  0.00277414,     3.02048,  -0.0366284,98158648848753
98146471303600,2,     0.53631,  -0.0291398,     3.02762,  -0.0404912,98159299301880
98146471303600,2,    0.530446,   -0.047126,     3.00578,  -0.0128695,98160110309899
98146471303600,2,    0.484343,  0.00785045,     3.00137, -0.00290513,98160792989020
98146471303600,2,    0.425088,  -0.0468023,     3.02382,   0.0385297,98161592326509
98146471303600,2,    0.403733,  -0.0996215,     3.00189,   0.0611396,98162347512534
98146471303600,2,    0.383145,   -0.152936,     3.02612,    0.102889,98163051469717
98146471303600,2,    0.357631,   -0.185139,     2.99219,     0.26519,98163791693372
98146471303600,2,    0.323728,   -0.191473,     3.00027,     0.30702,98164614729844
98146471303600,2,    0.323728,   -0.176342,     2.97974,    0.416994,98165375202150
98146471303600,2,    0.267395,   -0.153295,      2.9787,    0.496681,98166042141154
98146471303600,2,     0.24454,   -0.122697,     2.97532,    0.604265,98166880385924
98146471303600,2,    0.217945,  -0.0949144,     2.91713,     0.70737,98167697796289
98146471303600,2,    0.216564,  -0.0719841,     2.92133,    0.767708,98168438917847
98146471303600,2,    0.216564,  -0.0517501,      2.8956,    0.829809,98169276762633
98146471303600,2,         0.2,  -0.0469559,     2.90137,    0.867199,98170137870848
98146471303600,2,         0.2,  -0.0447609,     2.86519,    0.898449,98171017133884
98146471303600,2,         0.2,  -0.0288726,      2.8498,    0.939406,98171699976850
98146471303600,2,         0.2,  -0.0230781,     2.87076,    0.963274,98172401728566
98146471303600,2,         0.2,  -0.0238082,     2.84753,    0.993175,98173180534611
98146471303600,2,         0.2,  -0.0242763,     2.85023,     1.01665,98173941729139
98146471303600,2,         0.2,  -0.0232685,     2.84142,     1.02964,98174662283056
98146471303600,2,         0.2,  -0.0207385,     2.83376,     1.04414,98175365578233
98146471303600,2,    0.241379, -0.00415007,     2.82453,     1.06503,98176106180612
98146471303600,2,    0.329013, -0.00797836,     2.81092,     1.08805,98176791162659
98146471303600,2,    0.420831,  -0.0338092,     2.81824,     1.10901,98177605333611
98146471303600,2,    0.489342,  -0.0654951,     2.81594,     1.12496,98178326612776
98146471303600,2,    0.550074,  -0.0936648,      2.7991,     1.13904,98179103641333
98146471303600,2,     0.59354,    -0.10688,     2.77131,     1.21567,98179842049370
98146471303600,2,     0.62288,  -0.0987791,     2.74456,     1.30302,98180601240334
98146471303600,2,    0.632136,  -0.0835788,     2.70148,     1.34324,98181269298490
98146471303600,2,    0.613473,  -0.0703774,      2.6813,     1.41782,98182037101515
98146471303600,2,    0.585439,  -0.0521068,     2.63932,     1.52221,98182770062663
98146471303600,2,    0.550649,  -0.0401833,     2.60105,     1.59826,98183478980659
98146471303600,2,    0.546199,  -0.0356002,     2.59866,     1.61106,98184271937741
98146471303600,2,    0.525235,  -0.0257008,     2.55771,     1.68142,98184997676888
98146471303600,2,    0.516974,  -0.0206948,     2.53442,      1.7064,98185690521147
98146471303600,2,    0.497978,   -0.012018,     2.51887,      1.7779,98186361927964
98146471303600,2,    0.492265,  -0.0135102,      2.4857,     1.79271,98187114174655
98146471303600,2,    0.481319,  0.00233152,     2.47296,     1.80761,98187841808855
98146471303600,2,    0.475828,   0.0281197,     2.47861,     1.85811,98188553445254
98146471303600,2,    0.468894,    0.169389,     2.46405,     1.84521,98189224095464
98146471303600,2,    0.462834,    0.149475,     2.49539,     1.85033,98190031141913
98146471303600,2,     0.45911,    0.136925,     2.52679,     1.82045,98190763773915
98146471303600,2,     0.45677,    0.152377,     2.54641,     1.78833,98191477666455
98146471303600,2,    0.454801,    0.178492,     2.58395,     1.74089,98192151935648
98146471303600,2,    0.453566,    0.215491,     2.64783,     1.65749,98192882096497
98146471303600,2,    0.453787,    0.235427,     2.69468,     1.56333,98193654854579
98146471303600,2,    0.454405,    0.268011,     2.74292,     1.52535,98194346098527
98146471303600,2,    0.456218,    0.269045,     2.82896,     1.37336,98195121324759
98146471303600,2,    0.458697,    0.264821,     2.87971,     1.23415,98195853625980
98146471303600,2,     0.46339,    0.270041,     2.94034,     1.12436,98196628858361
98146471303600,2,    0.466118,    0.250809,     2.96533,     1.05035,98197458869672
98146471303600,2,    0.471644,    0.219974,     3.02492,    0.860871,98198194392893
98146471303600,2,     0.48764,    0.210915,     3.05611,    0.716188,98198945058336
98146471303600,2,    0.550558,     0.15082,     3.07538,    0.583918,98199676465010
98146471303600,2,    0.639372,    0.143904,     3.07456,    0.563196,98200445404495
98146471303600,2,    0.727028,    0.126894,     3.09012,    0.472069,98201159196658
98146471303600,2,    0.819047,    0.100261,     3.10231,    0.362251,98201986005381
98146471303600,2,    0.893329,   0.0879446,      3.1084,    0.287188,98202797662299
98146471303600,2,    0.940813,   0.0665509,      3.1207,    0.218565,98203448804846
98146471303600,2,    0.961204,   0.0438106,     3.11759,     0.15727,98204218277453
98146471303600,2,    0.949293,   0.0313786,     3.10414,    0.106953,98204950183531
98146471303600,2,    0.935729,   0.0140652,     3.07923,   0.0495759,98205703181354
98146471303600,2,    0.926083, -0.00117602,     3.07738,   0.0124345,98206492419130
98146471303600,2,    0.920457, -0.00395008,     3.09026,  -0.0103808,98207208503671
98146471303600,2,    0.910907,  -0.0116367,     3.05731,  -0.0421963,98207859381405
98146471303600,2,    0.901834,  -0.0139109,      2.9012,   -0.040291,98208552872021
98146471303600,2,    0.898343,  -0.0129289,     2.74355,  -0.0308116,98209301244334
98146471303600,2,    0.870545, -0.00958612,     2.58445,  -0.0209943,98210013554169
98146471303600,2,    0.846359,  -0.0112889,     2.47458,  -0.0198658,98210686538395
98146471303600,2,    0.808037,   -0.010924,     2.30334,  -0.0160641,98211416507093
98146471303600,2,    0.763304,  -0.0113357,     2.11022,  -0.0112083,98212207536821
98146471303600,2,    0.756644, -0.00886541,     2.08827,  -0.0109222,98212951538195
98146471303600,2,    0.712044, -0.00464254,     1.89585, -0.00555055,98213685811664
98146471303600,2,    0.689261, -0.00872452,     1.80423, -0.00606598,98214314481880
98146471303600,2,    0.642842, -0.00862109,     1.62279, -0.00514304,98215007922125
98146471303600,2,    0.631991,  -0.0138268,     1.58198, -0.00928193,98215829372063
98146471303600,2,    0.602719, -0.00964123,     1.47395, -0.00656004,98216596259868
98146471303600,2,    0.573205, -0.00102391,     1.38888,  0.00038702,98217302577667
98146471303600,2,    0.550197,  0.00139941,     1.28948,-0.000226878,98218011040324
98146471303600,2,    0.518446,   0.0036095,     1.18318, 0.000941056,98218820160954
98146471303600,2,    0.499001,  0.00314414,     1.13278,-0.000517863,98219530757068
98146471303600,2,    0.468252,  0.00604871,     1.01909, 0.000939619,98220277761422
98146471303600,2,    0.442653,  0.00357963,    0.937849, -0.00195801,98221008866883
98146471303600,2,    0.406524, 0.000296993,    0.826434,  -0.0037892,98221890077564
98146471303600,2,    0.389569,  0.00268985,    0.790203, -0.00201377,98222539917538
98146471303600,2,    0.369986,  0.00289296,    0.718624, -0.00269885,98223191842242
98146471303600,2,    0.343152,  0.00348674,     0.65085, -0.00345877,98223917212442
98146471303600,2,    0.327842,  0.00076341,    0.600654, -0.00513573,98224598572947
98146471303600,2,    0.302081,  0.00119494,    0.531192, -0.00306161,98225361865838
98146471303600,2,    0.281253, 0.000329751,    0.476435, -0.00389975,98226047127693
98146471303600,2,    0.257387, -0.00153419,    0.422253, -0.00400852,98226790328918
98146471303600,2,    0.238004, 0.000655937,    0.370736, -0.00404388,98227572535617
98146471303600,2,    0.223596,  0.00165838,     0.34919, -0.00362734,98228343586793
98146471303600,2,    0.206125, 0.000797684,    0.309597, -0.00533256,98229126074728
98146471303600,2,    0.187265, 5.51267e-05,    0.261485, -0.00444064,98229793436936
98146471303600,2,    0.173668, 0.000535735,    0.241484, -0.00493067,98230582938036
98146471303600,2,    0.156476, 0.000272982,    0.196796, -0.00517947,98231248969386
98146471303600,2,    0.139675,  0.00235818,    0.165747, -0.00645957,98232114844361
98146471303600,2,    0.123999, 0.000707684,    0.141284, -0.00612965,98232821364069
98146471303600,2,    0.113421, 0.000988615,    0.127641, -0.00773414,98233487792806
98146471303600,2,   0.0944248, 0.000791422,    0.102946, -0.00659013,98234171614474
98146471303600,2,   0.0789247,   0.0012607,   0.0774409, -0.00824405,98235000108458
98146471303600,2,   0.0657598,  0.00060405,   0.0598315,  -0.0071033,98235690315735
98146471303600,2,   0.0597031,  0.00217312,   0.0561444, -0.00579691,98236471273925
98146471303600,2,   0.0495856, 0.000932698,   0.0406989, -0.00541984,98237139774850
98146471303600,2,   0.0401252, 0.000854844,   0.0307914, -0.00634638,98237886257759
98146471303600,2,   0.0329753, 0.000206242,    0.024201, -0.00580883,98238592909026
98146471303600,2,   0.0223249, 0.000160823,   0.0157748, -0.00553141,98239350197076
98146471303600,2,   0.0118085, 1.24494e-05,  0.00893141, -0.00580433,98240111910257
98146471303600,2,  0.00448778, 2.56328e-05,  0.00614035, -0.00659421,98240798901732
98146471303600,2,           0,  -0.0871967,  0.00487547, -0.00527764,98241634184180
98146471303600,2,           0,   -0.175645,  0.00451649, -0.00488863,98242405335715
98146471303600,2,           0,   -0.207694,  0.00264924, -0.00407416,98243093013036
98146471303600,2,           0,   -0.180879,  0.00458308, -0.00219413,98243718350471
98146471303600,2,           0,   -0.143918,   0.0075316,-0.000727154,98244467479609
98146471303600,2,           0,   -0.110005,    0.010351,  0.00139145,98245288221756
98146471303600,2,           0,  -0.0716278,   0.0101336, 0.000550285,98246077243491
98146471303600,2,           0,  -0.0554268,   0.0133172,  0.00214389,98246801698810
98146471303600,2,           0,  -0.0284507,   0.0152921,  0.00359017,98247569134092
98146471303600,2,           0, -0.00533751,   0.0151501,  0.00447069,98248380433037
98248553916953,2,           0,           0,     2.42342,     1.80083,98249080375327
98248553916953,2,           0,           0,     2.42342,     1.80083,98249763791677
98248553916953,2,           0,  0.00575045,     2.42342,     1.80083,98250565627390
98248553916953,2,           0,    0.217044,     2.44414,     1.77102,98251374305194
98248553916953,2,           0,    0.362654,     2.46199,     1.74502,98252080316850
98248553916953,2,           0,     0.46412,     2.52176,     1.66049,98252768415277
98248553916953,2,           0,    0.523072,     2.62875,     1.47746,98253474063500
98248553916953,2,           0,    0.490109,     2.71771,      1.2954,98254239746153
98248553916953,2,           0,    0.453775,     2.79123,     1.12035,98254977158776
98248553916953,2,           0,    0.399482,     2.86438,    0.913937,98255698649745
98248553916953,2,           0,      0.3352,     2.94427,    0.580288,98256498698218
98248553916953,2,           0,    0.299418,     2.96579,    0.431436,98257180564841
98248553916953,2,           0,    0.252175,     2.98235,    0.249383,98258020319793
98248553916953,2,           0,    0.212445,     2.98399,    0.110367,98258639734468
98248553916953,2,           0,    0.176767,     3.02501,  -0.0121376,98259421716040
98248553916953,2,           0,    0.138239,     3.01934,   -0.111089,98260149259282
98248553916953,2,           0,   0.0943266,     3.01346,   -0.203866,98260912155874
98248553916953,2,           0,   0.0684785,     3.00616,   -0.246783,98261590514199
98248553916953,2,           0,   0.0380606,     2.99952,   -0.300381,98262331578754
98248553916953,2,           0,  0.00948305,     2.99159,   -0.331305,98262976336586
98248553916953,2,   0.0636766,   0.0196944,     2.98551,    -0.34763,98263585280487
98248553916953,2,    0.179542,  0.00969769,      2.9689,   -0.363663,98264308823456
98248553916953,2,    0.273412,  0.00546206,     3.00051,   -0.377759,98265055416170
98248553916953,2,    0.353906, 0.000863767,      2.9725,   -0.384644,98265814039303
98248553916953,2,    0.416215, 0.000150677,     2.96934,   -0.400838,98266520104968
98248553916953,2,    0.464289, -0.00581896,     2.99119,   -0.420977,98267247851569
98248553916953,2,    0.495949,  -0.0119041,     2.96676,   -0.436237,98268050138328
98248553916953,2,    0.500726,  -0.0148561,     2.95075,   -0.474526,98268834662599
98248553916953,2,    0.488149,  -0.0106252,     2.95604,   -0.505946,98269460565583
98248553916953,2,    0.486752,  -0.0235615,     2.95345,   -0.523381,98270127873030
98248553916953,2,    0.471008,  -0.0268653,      2.9703,   -0.558301,98270798219141
98248553916953,2,    0.447248,  -0.0335755,     2.94871,   -0.582933,98271579705613
98248553916953,2,    0.436234,  -0.0389348,     2.94048,   -0.580266,98272327243887
98248553916953,2,    0.419415,  -0.0385345,      2.9504,   -0.595705,98273087446214
98248553916953,2,    0.410967,  -0.0304786,     2.94945,   -0.609063,98273752622471
98248553916953,2,    0.389926,  -0.0363676,     2.95383,   -0.621612,98274479324255
98248553916953,2,    0.385567,  -0.0418907,     2.94211,   -0.629012,98275224113667
98248553916953,2,     0.37411,  -0.0378802,     2.92752,   -0.622064,98275972345042
98248553916953,2,    0.373643,  -0.0501063,     2.94776,   -0.636794,98276775198462
98248553916953,2,    0.360025,   -0.043162,      2.9483,   -0.626318,98277519770110
98248553916953,2,    0.362673,  -0.0277545,     2.95722,   -0.624744,98278170137291
98248553916953,2,    0.364026,  -0.0375241,     2.93001,   -0.618129,98278916987607
98248553916953,2,    0.363455,  -0.0409093,     2.94236,   -0.617731,98279683307314
98248553916953,2,     0.36182,  -0.0406844,     2.94532,   -0.616962,98280486640512
98248553916953,2,     0.36421,  -0.0457694,     2.95202,   -0.611545,98281300602153
98248553916953,2,    0.357079,  -0.0526879,     2.93853,    -0.60184,98282050425687
98248553916953,2,     0.35897,  -0.0493904,       2.942,   -0.592203,98282779449228
98248553916953,2,    0.361095,   -0.053176,     2.94808,   -0.582738,98283450042724
98248553916953,2,    0.357302,  -0.0494761,     2.95457,   -0.561573,98284200224890
98248553916953,2,    0.353682,  -0.0492109,     2.95259,   -0.550724,98284868315423
98248553916953,2,    0.359374,  -0.0603347,     2.95786,   -0.541452,98285616468426
98248553916953,2,    0.365868,  -0.0621018,     2.96452,   -0.522331,98286382955125
98248553916953,2,    0.358315,  -0.0599123,     2.96641,   -0.493911,98287130709830
98248553916953,2,    0.351812,  -0.0572311,     2.97236,   -0.466619,98287901706131
98248553916953,2,    0.360033,  -0.0545355,     2.96613,    -0.43398,98288668255679
98248553916953,2,    0.369895,  -0.0535951,     2.97368,   -0.422058,98289401870022
98248553916953,2,    0.364798,  -0.0499776,     2.97801,   -0.384588,98290113740195
98248553916953,2,    0.364391,  -0.0545318,     2.98042,   -0.357727,98290895163282
98248553916953,2,    0.366896,  -0.0516537,     3.00151,   -0.332239,98291767921260
98248553916953,2,    0.366244,  -0.0525874,     2.99603,   -0.299955,98292634766855
98248553916953,2,    0.364251,  -0.0767952,     2.97877,   -0.295017,98293701509046
98248553916953,2,     0.37402,  -0.0447526,     2.98274,   -0.236819,98294450979606
98248553916953,2,    0.371965,  -0.0361091,     2.99733,   -0.185946,98295164655987
98248553916953,2,    0.371269,  -0.0303517,     3.01706,   -0.133686,98295892770036
98248553916953,2,    0.379522,  -0.0324604,     3.00431,   -0.109799,98296665537368
98248553916953,2,    0.381648,  -0.0362287,     3.01421,  -0.0668706,98297415303302
98248553916953,2,    0.391785,  -0.0423964,     3.00615,  -0.0338935,98298127089417
98248553916953,2,     0.41146,  -0.0410572,     3.01579,   0.0317051,98298819482983
98248553916953,2,    0.421995,  -0.0477579,     3.02396,   0.0731443,98299588734795
98248553916953,2,     0.43191,  -0.0515561,     3.00903,    0.122293,98300297660015
98248553916953,2,    0.468219,  -0.0545274,     3.01499,    0.185587,98301065622211
98248553916953,2,    0.463177,   -0.051089,     3.01712,    0.271375,98301795356838
98248553916953,2,    0.494066,  -0.0446692,     2.99854,    0.351526,98302462011135
98248553916953,2,    0.526257,  -0.0352667,     2.98106,    0.393577,98303170261844
98248553916953,2,    0.557314,   -0.033959,     2.96757,      0.4853,98303956443354
98248553916953,2,    0.637944,  -0.0360801,     2.95254,    0.583628,98304939330681
98248553916953,2,    0.690105,  -0.0326704,     2.94047,    0.649238,98305804755000
98248553916953,2,    0.724999,  -0.0404378,     2.92555,    0.716818,98306715725091
98248553916953,2,    0.731363,  -0.0481962,     2.89586,    0.768573,98307445113123
98248553916953,2,    0.698699,   0.0152038,      2.8613,    0.990913,98308193591858
98248553916953,2,    0.661016,   0.0422163,       2.791,     1.13137,98308923496220
98248553916953,2,    0.635054,   0.0479093,     2.76289,     1.19748,98309616382395
98248553916953,2,     0.62316,   0.0481966,     2.74313,     1.23338,98310328720866
98248553916953,2,    0.577028,   0.0533108,     2.71316,     1.35281,98311193255322
98248553916953,2,    0.545107,   0.0555058,     2.67804,     1.37937,98311937131931
98248553916953,2,    0.519081,   0.0669949,     2.67024,     1.42165,98312598583544
98248553916953,2,    0.474948,   0.0885713,     2.64287,     1.46172,98313347643228
98248553916953,2,    0.436758,    0.100443,     2.63263,     1.47924,98314089787694
98248553916953,2,    0.405305,    0.100917,     2.61172,     1.47531,98314905917307
98248553916953,2,    0.391727,    0.100627,     2.62023,     1.47989,98315570051174
98248553916953,2,    0.365839,    0.102925,     2.63653,     1.48598,98316371443023
98248553916953,2,    0.354319,    0.113035,     2.63262,     1.47151,98317170173638
98248553916953,2,    0.352432,    0.117834,     2.60968,     1.43521,98317891184647
98248553916953,2,    0.353484,    0.116317,     2.57048,      1.3649,98318557240859
98248553916953,2,    0.352745,     0.11368,     2.53919,     1.31063,98319275195114
98248553916953,2,      0.3516,    0.118364,     2.51248,     1.26355,98319998113320
98248553916953,2,    0.354672,    0.132488,     2.49404,     1.22534,98320739192561
98248553916953,2,    0.351931,    0.134852,      2.4523,     1.16319,98321406449211
98248553916953,2,    0.348885,    0.126409,     2.42104,     1.10655,98322108122639
98248553916953,2,    0.353042,     0.13218,     2.38569,     1.05005,98322847714615
98248553916953,2,     0.35126,     0.13075,     2.35472,    0.998953,98323468789003
98248553916953,2,    0.352413,    0.139552,     2.31457,    0.940333,98324150527877
98248553916953,2,    0.355101,    0.140146,     2.27573,    0.877386,98324850992714
98248553916953,2,    0.351088,     0.13258,     2.23894,    0.812126,98325555630159
98248553916953,2,    0.353907,    0.145719,     2.20273,     0.77679,98326398632339
98248553916953,2,    0.352382,    0.149585,     2.16578,    0.729587,98327155452994
98248553916953,2,    0.351872,    0.148783,      2.1364,    0.683298,98327761973980
98248553916953,2,    0.349813,    0.142176,     2.10856,     0.64371,98328516562427
98248553916953,2,    0.352439,    0.136373,     2.04941,    0.580126,98329259499351
98248553916953,2,    0.353138,    0.138532,     2.02528,    0.544124,98330000934688
98248553916953,2,     0.35415,    0.127622,     1.94932,    0.471766,98330705603355
98248553916953,2,    0.349708,    0.125822,      1.9196,    0.440375,98331484228878
98248553916953,2,    0.356167,    0.115564,     1.87159,    0.404311,98332162989790
98248553916953,2,    0.354599,    0.119162,     1.82083,    0.364192,98332886966122
98248553916953,2,    0.353742,    0.115132,      1.7689,    0.331631,98333530545764
98248553916953,2,    0.348484,    0.096712,     1.69419,    0.282768,98334217975873
98248553916953,2,    0.357081,   0.0964173,     1.66198,    0.261858,98334919859609
98248553916953,2,    0.352076,   0.0933779,     1.60617,     0.23316,98335644725266
98248553916953,2,    0.356323,   0.0879587,      1.5625,    0.208588,98336346167203
98248553916953,2,     0.35769,   0.0823597,     1.49445,    0.182744,98337085483096
98248553916953,2,    0.361039,    0.083441,     1.45011,    0.164389,98337824844900
98248553916953,2,    0.357852,   0.0779013,     1.37491,    0.138406,98338512273344
98248553916953,2,    0.385791,    0.079745,     1.32313,    0.119904,98339152004927
98248553916953,2,    0.432273,   0.0767142,     1.26598,    0.105057,98339774662141
98248553916953,2,    0.479424,   0.0734599,      1.1877,   0.0839943,98340710234085
98248553916953,2,    0.491755,   0.0783829,     1.12405,   0.0746464,98341590678631
98248553916953,2,    0.466912,   0.0711045,     1.03866,   0.0596206,98342373276126
98248553916953,2,    0.457682,     0.06874,     1.02738,   0.0550845,98343098157956
98248553916953,2,    0.425662,   0.0483171,    0.904678,   0.0399899,98343845121644
98248553916953,2,    0.406128,   0.0153154,    0.844467,   0.0272161,98344595645291
98248553916953,2,    0.383019, -0.00206662,    0.776304,   0.0224248,98345238628102
98248553916953,2,    0.358318,  -0.0153061,    0.698381,   0.0196396,98345963743335
98248553916953,2,    0.328461,  -0.0207198,    0.633678,   0.0199428,98346763408413
98248553916953,2,    0.310987,  -0.0193836,    0.568907,   0.0202872,98347569134701
98248553916953,2,    0.289753,  -0.0162181,     0.51869,   0.0224892,98348256556490
98248553916953,2,    0.271542,   0.0010325,      0.4717,    0.022726,98348900228243
98248553916953,2,    0.252607, 4.41002e-06,    0.418538,   0.0230171,98349664834993
98248553916953,2,    0.236594, -0.00389963,    0.377473,   0.0218632,98350472099929
98248553916953,2,    0.213193, -0.00626947,    0.326216,   0.0222806,98351173668964
98248553916953,2,    0.202552, -0.00639856,    0.302466,   0.0233076,98351916450527
98248553916953,2,    0.183348, -0.00754191,    0.266973,   0.0229957,98352624601714
98248553916953,2,    0.164743, -0.00978573,    0.221367,   0.0235063,98353349694447
98248553916953,2,    0.148964,  -0.0084814,    0.203288,   0.0235595,98354019715871
98248553916953,2,    0.135858, -0.00426407,    0.168629,   0.0235701,98354683690235
98248553916953,2,    0.123548,  0.00909892,    0.135538,   0.0225598,98355414610125
98248553916953,2,    0.104559,   0.0275606,    0.123285,   0.0246109,98356160113403
98248553916953,2,   0.0941511,   0.0431376,   0.0999675,   0.0240995,98357065239498
98248553916953,2,    0.085661,   0.0702874,   0.0941237,   0.0252472,98357813073894
98248553916953,2,    0.078519,   0.0867797,   0.0775541,   0.0244014,98358581523259
98248553916953,2,   0.0687888,   0.0948221,   0.0686923,   0.0228734,98359350361950
98248553916953,2,   0.0558727,   0.0763396,   0.0503966,   0.0223525,98360112779005
98248553916953,2,   0.0504771,   0.0608241,   0.0434806,   0.0237773,98360743453850
98248553916953,2,   0.0394482,    0.102684,    0.029957,   0.0233779,98361402699769
98248553916953,2,    0.028966,   0.0882822,   0.0207212,   0.0232532,98362105879353
98248553916953,2,   0.0209996,   0.0641383,   0.0149437,   0.0239913,98362813504434
98248553916953,2,   0.0100059,    0.032949,  0.00861009,   0.0249321,98363516962422
98248553916953,2,  0.00636592,   0.0206109,  0.00746902,   0.0268927,98364219582886
98248553916953,2,           0, -0.00799912,  0.00641016,   0.0263781,98364860085095
98248553916953,2,           0,  -0.0606608,  0.00496378,   0.0252234,98365616684694
98248553916953,2,           0,  -0.0716434,  0.00292986,   0.0268524,98366357661947
98248553916953,2,           0,  -0.0599045, 0.000741745,   0.0260652,98367133679959
98248553916953,2,           0,  -0.0457913, -0.00173545,   0.0232321,98367855413642
98248553916953,2,           0,  -0.0198501, -0.00269555,   0.0216392,98368632921627
