98369332116339,2,           0,           0,     2.18669,     2.08445,98369996863106
98369332116339,2,           0,           0,     2.18669,     2.08445,98370719682834
98369332116339,2,           0,   0.0439179,     2.18854,     2.08223,98371524671307
98369332116339,2,           0,    0.175233,     2.20072,     2.06852,98372214597453
98369332116339,2,           0,    0.278891,     2.22549,     2.04304,98372983371455
98369332116339,2,           0,    0.328795,     2.29772,     1.96224,98373665203910
98369332116339,2,           0,    0.310694,     2.33247,     1.92085,98374503464090
98369332116339,2,           0,    0.266793,     2.42797,     1.79647,98375204518134
98369332116339,2,           0,    0.227397,     2.53406,     1.64078,98375928493998
98369332116339,2,           0,    0.184617,      2.6031,     1.51718,98376652531720
98369332116339,2,           0,    0.139325,     2.65766,     1.41172,98377374907859
98369332116339,2,           0,    0.109159,     2.68626,     1.34996,98377985887316
98369332116339,2,           0,   0.0760978,     2.71027,     1.29629,98378692545155
98369332116339,2,           0,   0.0401055,     2.73512,      1.2421,98379440675963
98369332116339,2,           0,   0.0189189,     2.74386,     1.21976,98380131612486
98369332116339,2,   0.0420003,   0.0110638,      2.7499,     1.19899,98380805479334
98369332116339,2,    0.143331,   0.0544963,       2.769,     1.21716,98381516381948
98369332116339,2,    0.225602,   0.0715004,     2.76455,     1.20603,98382281056067
98369332116339,2,    0.287635,   0.0624237,     2.74803,     1.18543,98382993781838
98369332116339,2,    0.337284,   0.0542325,     2.77073,     1.22819,98383687926212
98369332116339,2,    0.375061,   0.0395721,     2.73371,     1.23016,98384373014108
98369332116339,2,    0.399046,   0.0286558,     2.72203,     1.24862,98385101340499
98369332116339,2,    0.397626,   0.0272535,     2.70998,     1.32627,98385828142078
98369332116339,2,    0.387823,   0.0245248,     2.70853,     1.35364,98386560616189
98369332116339,2,    0.376834,   0.0242534,     2.67085,     1.37548,98387251628485
98369332116339,2,    0.368132,   0.0214096,       2.645,     1.43491,98387887603382
98369332116339,2,     0.36645,   0.0302381,     2.62109,     1.47964,98388660715359
98369332116339,2,     0.35702,   0.0392859,     2.60559,     1.53935,98389426896246
98369332116339,2,    0.352198,   0.0473628,       2.584,     1.55096,98390118308342
98369332116339,2,     0.34835,    0.042795,     2.55871,     1.60719,98390863877088
98369332116339,2,    0.351628,   0.0545563,     2.54112,      1.6134,98391617288109
98369332116339,2,    0.347458,   0.0652405,     2.52449,     1.64447,98392267616208
98369332116339,2,    0.351533,    0.068824,     2.50565,      1.6348,98393079042675
98369332116339,2,    0.351347,   0.0787744,     2.50649,     1.65941,98393849466932
98369332116339,2,    0.352832,    0.083376,     2.50687,     1.68546,98394595154226
98369332116339,2,    0.358252,     0.09845,     2.49445,     1.67135,98395328469650
98369332116339,2,    0.359364,    0.104652,     2.49505,     1.65858,98396119072581
98369332116339,2,     0.36112,    0.117873,     2.48755,     1.65368,98396763682170
98369332116339,2,    0.358752,    0.111912,     2.48889,     1.64112,98397531503863
98369332116339,2,    0.360684,    0.105894,     2.50616,     1.63101,98398179228706
98369332116339,2,    0.361539,    0.121722,     2.51019,      1.6245,98398868034504
98369332116339,2,    0.356623,    0.128445,     2.51447,     1.59706,98399574086494
98369332116339,2,    0.356757,    0.141934,     2.51728,     1.57129,98400221957158
98369332116339,2,    0.354928,    0.158381,      2.5264,     1.54905,98400969727799
98369332116339,2,    0.350456,     0.17006,     2.54138,     1.51673,98401600541624
98369332116339,2,    0.348721,    0.175709,     2.57637,     1.46972,98402290991016
98369332116339,2,    0.340518,    0.168602,     2.58803,      1.4423,98403056524970
98369332116339,2,    0.336694,    0.167273,     2.61712,     1.37956,98403762929200
98369332116339,2,    0.327893,    0.162218,     2.63246,     1.32438,98404469580400
98369332116339,2,    0.318871,    0.151466,     2.67342,     1.29469,98405128525009
98369332116339,2,    0.311797,    0.139945,     2.69382,     1.23231,98405888647925
98369332116339,2,    0.293016,    0.128999,     2.73406,     1.18119,98406552629859
98369332116339,2,    0.270315,    0.141752,     2.71925,     1.14867,98407219676117
98369332116339,2,     0.23516,    0.134092,     2.76252,      1.1085,98407928085040
98369332116339,2,    0.219317,    0.112288,     2.77725,     1.03194,98408573132505
98369332116339,2,    0.219317,    0.114741,     2.80164,    0.965202,98409378131847
98369332116339,2,    0.219317,    0.111558,     2.80135,     0.95372,98410111508936
98369332116339,2,    0.258142,    0.124938,     2.84405,    0.892138,98410796439650
98369332116339,2,    0.297854,    0.142861,     2.83481,    0.861164,98411481484703
98369332116339,2,    0.332264,    0.133961,     2.89038,    0.801143,98412284293106
98369332116339,2,    0.353497,    0.142845,     2.87174,    0.759097,98413131810215
98369332116339,2,    0.355511,    0.145872,     2.90287,    0.707416,98414058309575
98369332116339,2,    0.351796,     0.11066,     2.92354,     0.61405,98414907055111
98369332116339,2,    0.354462,    0.112407,     2.94636,    0.585234,98415933063389
98369332116339,2,    0.355051,    0.102047,     2.97576,    0.516551,98416718593602
98369332116339,2,    0.355603,   0.0903428,     2.95891,    0.466529,98417444786913
98369332116339,2,    0.358126,    0.103673,     2.95974,    0.452499,98418212742301
98369332116339,2,    0.362453,   0.0843433,     2.98483,    0.360943,98418999530013
98369332116339,2,    0.363501,   0.0834048,     2.97952,     0.32281,98419649804385
98369332116339,2,    0.360945,   0.0822734,     3.00019,    0.288462,98420339963284
98369332116339,2,    0.376017,   0.0862771,     3.00526,    0.246839,98421027732867
98369332116339,2,    0.377178,    0.069709,     2.99609,    0.168899,98421695157494
98369332116339,2,    0.385001,   0.0707501,     3.02124,    0.132064,98422361906841
98369332116339,2,    0.398419,   0.0744333,     3.02456,   0.0938586,98423115580859
98369332116339,2,    0.405085,   0.0686587,     3.02886,   0.0473474,98423860591610
98369332116339,2,    0.441883,   0.0755078,     3.02571,   0.0156767,98424551990451
98369332116339,2,    0.466651,   0.0682076,     3.03072,  -0.0470372,98425337598177
98369332116339,2,    0.487753,   0.0622618,     3.02861,  -0.0914064,98426010085288
98369332116339,2,    0.536344,   0.0462307,      3.0284,   -0.133525,98426755159571
98369332116339,2,    0.591385,   0.0381886,     3.01709,   -0.175514,98427526838374
98369332116339,2,    0.644217,   0.0295189,     2.97824,   -0.201791,98428179525400
98369332116339,2,    0.718195,    0.026102,      2.8545,   -0.220538,98428989112113
98369332116339,2,    0.727632,   0.0224103,     2.76391,   -0.226986,98429663934492
98369332116339,2,     0.68711,   0.0112297,     2.62948,   -0.238081,98430472083802
98369332116339,2,    0.663753, -0.00330027,     2.52282,   -0.246971,98431182862156
98369332116339,2,    0.638503,  -0.0166848,     2.41432,   -0.247389,98431857513890
98369332116339,2,    0.612268,  -0.0300536,     2.30676,   -0.243929,98432530317283
98369332116339,2,    0.586977,   -0.041603,     2.21183,   -0.235061,98433198485042
98369332116339,2,    0.553789,   -0.049026,     2.13304,    -0.22341,98433947760957
98369332116339,2,    0.528172,  -0.0513067,     2.00646,   -0.202563,98434580486151
98369332116339,2,    0.526317,  -0.0564041,     1.92347,   -0.186415,98435215047271
98369332116339,2,    0.573031,  -0.0604669,     1.85236,   -0.170019,98435845881660
98369332116339,2,    0.580441,  -0.0606618,     1.76171,    -0.14829,98436515620681
98369332116339,2,     0.59294,  -0.0564513,        1.61,   -0.117721,98437285751218
98369332116339,2,    0.611165,  -0.0631427,     1.56961,   -0.109586,98438031932457
98369332116339,2,    0.589261,  -0.0521399,     1.47702,   -0.091226,98438604073281
98369332116339,2,    0.561898,  -0.0484189,     1.37275,  -0.0745499,98439369010916
98369332116339,2,    0.539179,  -0.0495706,     1.28531,  -0.0637461,98440038332566
98369332116339,2,    0.511095,  -0.0478073,     1.18516,  -0.0563633,98440650044332
98369332116339,2,    0.486259,  -0.0610226,     1.10445,  -0.0454824,98441319151665
98369332116339,2,    0.451978,  -0.0498667,    0.987855,  -0.0325349,98441970493308
98369332116339,2,    0.437884,  -0.0384885,    0.939539,  -0.0278467,98442684422268
98369332116339,2,    0.410751,  -0.0301691,      0.8692,  -0.0198678,98443449149310
98369332116339,2,    0.379981,  -0.0158675,    0.764382,  -0.0153407,98444219621028
98369332116339,2,    0.365656, -0.00499122,    0.722026,   -0.012491,98444888957902
98369332116339,2,    0.345638, -0.00148467,     0.65774,  -0.0114302,98445540421122
98369332116339,2,    0.326265,  0.00486308,    0.626228, -0.00906025,98446210624035
98369332116339,2,    0.302624,  0.00487074,    0.546567,  -0.0118693,98446856676435
98369332116339,2,    0.281387,  0.00466769,     0.49022,  -0.0118484,98447508279200
98369332116339,2,    0.261886, -0.00125178,    0.440859,  -0.0112728,98448198703164
98369332116339,2,    0.245915,-0.000928456,    0.401777,  -0.0105479,98448885862670
98369332116339,2,    0.230672, -0.00120118,    0.368622,  -0.0120977,98449630810375
98369332116339,2,     0.20637, 0.000940693,    0.315671,  -0.0133387,98450349085241
98369332116339,2,    0.192112,  0.00314729,    0.277468,  -0.0123666,98451073483088
98369332116339,2,    0.181236,  0.00404796,    0.245484,  -0.0118008,98451762495212
98369332116339,2,    0.163146,   0.0052369,    0.228292,  -0.0131761,98452447672927
98369332116339,2,    0.147735,  0.00430456,     0.18886,  -0.0147326,98453090141951
98369332116339,2,    0.129547,  0.00165445,    0.157449,  -0.0153457,98453798866104
98369332116339,2,    0.118156,-0.000547067,    0.134456,  -0.0155317,98454543742254
98369332116339,2,    0.106812,  -0.0083151,    0.114081,  -0.0143621,98455211132145
98369332116339,2,   0.0976972,   -0.014579,    0.100956,  -0.0137112,98455860321152
98369332116339,2,   0.0777612,  -0.0333616,   0.0772113,  -0.0128703,98456554467215
98369332116339,2,   0.0713315,  -0.0370355,   0.0659995,  -0.0134581,98457261945962
98369332116339,2,   0.0626142,  -0.0319468,   0.0550875,  -0.0128299,98457972721482
98369332116339,2,   0.0508063,  -0.0209784,    0.041819,  -0.0120551,98458771960185
98369332116339,2,   0.0447253,  -0.0317922,   0.0350419,  -0.0118202,98459476649456
98369332116339,2,   0.0390791,  -0.0340588,   0.0311667,  -0.0108482,98460299345765
98369332116339,2,   0.0333626,  -0.0319783,   0.0242996,  -0.0109234,98461004865003
98369332116339,2,   0.0268061,   -0.027516,   0.0200259,  -0.0111463,98461745014538
98369332116339,2,   0.0208459,  -0.0221385,   0.0145777,  -0.0110837,98462588276271
98369332116339,2,    0.014004,  -0.0151213,   0.0103292,  -0.0109659,98463352408902
98369332116339,2,   0.0104952,   -0.011497,  0.00846667, -0.00946446,98464212329654
98369332116339,2,  0.00546995, -0.00603119,  0.00671733, -0.00987519,98464936933307
98369332116339,2,  0.00489382, -0.00540263,  0.00653823,  -0.0095427,98465657270558
98369332116339,2,  0.00494898, -0.00545785,  0.00640132,  -0.0113296,98466402021704
98369332116339,2,           0,  0.00190521,  0.00429337,  -0.0131809,98467158917619
98369332116339,2,           0,    0.053121,  0.00474341,  -0.0128964,98467937347135
98369332116339,2,           0,   0.0563661,  0.00536173,  -0.0128042,98468622328155
98369332116339,2,           0,   0.0356142,  0.00367357,  -0.0120312,98469347107389
98369332116339,2,           0,   0.0182549,  0.00481762, -0.00886116,98470087389812
98470615340617,2,           0,           0,     2.57259,     1.54781,98470693867171
98470615340617,2,           0,           0,     2.57259,     1.54781,98471417654490
98470615340617,2,           0,           0,     2.57259,     1.54781,98472064154225
98470615340617,2,           0,   0.0254264,     2.57347,     1.54634,98472708283709
98470615340617,2,           0,    0.183171,     2.59769,     1.50076,98473401896624
98470615340617,2,           0,    0.301674,      2.6244,     1.45174,98474068224536
98470615340617,2,           0,    0.381578,     2.66302,     1.37677,98474737292467
98470615340617,2,           0,    0.388724,     2.74085,     1.21043,98475440714270
98470615340617,2,           0,    0.363136,     2.78942,     1.08743,98476128970859
98470615340617,2,           0,     0.29454,     2.88406,    0.795525,98476834293996
98470615340617,2,           0,     0.22406,     2.94271,    0.553633,98477519076291
98470615340617,2,           0,    0.179538,     2.96883,    0.421498,98478127475921
98470615340617,2,           0,    0.128189,     2.98123,    0.295314,98478838388740
98470615340617,2,           0,   0.0734181,     2.98419,    0.184724,98479529402976
98470615340617,2,           0,   0.0328231,     2.98341,    0.121705,98480217640128
98470615340617,2,           0,           0,     2.98357,   0.0847457,98480909112807
98470615340617,2,    0.149787,   0.0479697,     2.98498,   0.0557465,98481660027565
98470615340617,2,    0.307313,   0.0624078,     3.00384,   0.0441057,98482390796893
98470615340617,2,     0.45001,   0.0727624,     2.99033,    0.012369,98483096555379
98470615340617,2,    0.582095,   0.0494742,     3.00658,  0.00508917,98483801044115
98470615340617,2,    0.703651,   0.0359325,      2.9981,  -0.0152675,98484517360278
98470615340617,2,    0.817361,   0.0209911,     2.99442,  -0.0317171,98485246413341
98470615340617,2,    0.924681, -0.00105213,     3.02205,  -0.0573259,98486016472101
98470615340617,2,      1.0121, -0.00630808,     3.01912,  -0.0613945,98486728633389
98470615340617,2,     1.09194,   -0.012977,      3.0135,  -0.0621621,98487481167517
98470615340617,2,     1.15509,  -0.0228394,     3.01304,  -0.0655319,98488192488577
98470615340617,2,     1.20717,  -0.0226702,     3.00073,  -0.0576428,98488921601938
98470615340617,2,     1.24307,  -0.0219669,      3.0228,  -0.0519492,98489613914202
98470615340617,2,     1.26551,  -0.0207482,     3.00949,  -0.0429493,98490324267572
98470615340617,2,     1.25442,  -0.0194089,     3.01055,  -0.0382844,98491155893115
98470615340617,2,     1.23099,  -0.0135245,     3.01844,  -0.0232733,98491883646845
98470615340617,2,     1.22204,  -0.0162567,     3.00668,    -0.02176,98492533177449
98470615340617,2,      1.2111,  -0.0208458,     3.02145,  -0.0255394,98493223580809
98470615340617,2,     1.18665,  -0.0104036,      3.0143,  -0.0122207,98493896245685
98470615340617,2,     1.16949, -0.00629228,     3.01946, -0.00586495,98494628305829
98470615340617,2,     1.14649,  -0.0092746,     3.01812, -0.00357464,98495344696641
98470615340617,2,     1.12742, -0.00730449,     3.03124,  0.00102493,98495977188263
98470615340617,2,     1.10431, -0.00800218,     2.99902,   0.0034432,98496686922935
98470615340617,2,     1.08382, -0.00168735,     3.00815,  0.00996965,98497478510955
98470615340617,2,     1.05574, -0.00136955,     3.01612,   0.0104927,98498152639735
98470615340617,2,     1.04379,  0.00388634,     3.00197,   0.0126664,98498884581845
98470615340617,2,     1.01889, 0.000631266,     3.03182,   0.0100392,98499636287822
98470615340617,2,    0.999308, -0.00217948,     2.99021,  0.00944722,98500332280461
98470615340617,2,    0.973444, -0.00225687,      3.0228,  0.00970392,98501022567545
98470615340617,2,    0.942712, 0.000576191,     3.04563,   0.0128939,98501790779847
98470615340617,2,    0.923108,  0.00172318,     3.00137,    0.013839,98502503513068
98470615340617,2,    0.895561, -0.00250222,     2.99752,  0.00959322,98503257029106
98470615340617,2,    0.875359, -0.00220698,     2.91698,   0.0110673,98504023784673
98470615340617,2,    0.844884, -0.00362661,     2.70488,   0.0112498,98504674403724
98470615340617,2,    0.823483, -0.00486823,     2.61902,  0.00654061,98505342390497
98470615340617,2,    0.795362,  0.00170403,     2.47874,   0.0115645,98506076222489
98470615340617,2,    0.762187,-0.000915876,     2.30283,   0.0101734,98506763231855
98470615340617,2,    0.743538, -0.00191838,     2.21067,  0.00765556,98507440011226
98470615340617,2,    0.713813, -0.00108492,     2.02177,  0.00699735,98508109517092
98470615340617,2,    0.687916,  0.00741275,     1.90054,    0.011645,98508915068368
98470615340617,2,    0.656223,  0.00931289,      1.8119,   0.0118719,98509511107433
98470615340617,2,    0.643585,  0.00463919,     1.69439,  0.00747125,98510158388715
98470615340617,2,    0.620713, -0.00314894,     1.58088,-0.000103408,98510771978411
98470615340617,2,    0.593157, -0.00449164,     1.51788, -0.00135801,98511520496149
98470615340617,2,    0.561515, -0.00142741,     1.37659,-0.000531376,98512192860556
98470615340617,2,    0.531875,  0.00311967,     1.26968,  0.00230703,98512902255452
98470615340617,2,    0.510013,  0.00266596,     1.18729, 0.000986569,98513646870278
98470615340617,2,    0.492985, 0.000940145,     1.14447,-7.77766e-05,98514241605821
98470615340617,2,    0.460968,  0.00178156,     1.01881,-0.000486967,98514986946841
98470615340617,2,    0.430672,  0.00577253,    0.944094,  0.00103491,98515678370365
98470615340617,2,    0.417503,-0.000573625,    0.889703, -0.00331022,98516353997340
98470615340617,2,    0.389459,  -0.0016977,    0.793755, -0.00386589,98517041244310
98470615340617,2,    0.364418,-0.000837023,     0.71528, -0.00486167,98517771129850
98470615340617,2,    0.336423, -0.00258348,    0.636055, -0.00764282,98518520418129
98470615340617,2,    0.320941, 0.000546472,    0.595578, -0.00636454,98519109272120
98470615340617,2,    0.300471, -0.00190686,    0.540296, -0.00886307,98519783558397
98470615340617,2,    0.275882, -0.00578315,    0.476087, -0.00896001,98520548570188
98470615340617,2,    0.257194, -0.00294824,    0.429408, -0.00777062,98521212500480
98470615340617,2,    0.238958,-0.000342236,     0.38575, -0.00850299,98521885821564
98470615340617,2,    0.225161, 0.000308422,    0.348112, -0.00815542,98522610067089
98470615340617,2,    0.203288,  0.00235726,    0.303852, -0.00852799,98523309278989
98470615340617,2,    0.186463,  0.00315824,    0.267543, -0.00809786,98524014540618
98470615340617,2,    0.170539,  0.00332616,    0.241732, -0.00886747,98524751349170
98470615340617,2,    0.152715,   0.0027356,    0.199865,  -0.0107932,98525382509309
98470615340617,2,    0.136937,  0.00220534,    0.168257,  -0.0111048,98526108655055
98470615340617,2,    0.122403,  0.00209208,    0.139551,  -0.0130187,98526794788210
98470615340617,2,    0.103924,  0.00273864,    0.113849,  -0.0135002,98527583157537
98470615340617,2,   0.0952083,  0.00368046,    0.101379,   -0.013968,98528268741551
98470615340617,2,   0.0801759,  0.00255731,    0.079233,  -0.0140136,98528975315949
98470615340617,2,   0.0700829,  0.00375253,   0.0658954,  -0.0120941,98529668546971
98470615340617,2,   0.0600581,  0.00464651,   0.0570232,  -0.0136637,98530359078723
98470615340617,2,   0.0508643,  0.00204676,   0.0421981,  -0.0127506,98531029242349
98470615340617,2,   0.0421255,  0.00105102,   0.0349544,  -0.0141628,98531713822260
98470615340617,2,   0.0319443, 9.44584e-05,   0.0233392,  -0.0108952,98532497717685
98470615340617,2,   0.0234424, 0.000235147,   0.0164034,  -0.0138394,98533237834014
98470615340617,2,   0.0137401, 0.000141363,   0.0101045,  -0.0139192,98533998335401
98470615340617,2,  0.00888282, 3.87722e-05,  0.00757421,  -0.0121898,98534603986386
98470615340617,2,  0.00180284,  9.5528e-06,  0.00609439,  -0.0123225,98535405185900
98470615340617,2,  0.00392236, 3.43422e-05,  0.00575532, -0.00997907,98536241100180
98470615340617,2,  0.00372288, 1.60452e-05,  0.00591015, -0.00987571,98537041061295
98537939591324,2,           0,           0,      3.0061,   -0.141863,98538016022636
98537939591324,2,           0,           0,      3.0061,   -0.141863,98538839613525
98537939591324,2,           0,           0,      3.0061,   -0.141863,98539541186298
98537939591324,2,   0.0349698,-0.000427352,     3.00596,   -0.144145,98540250048094
98537939591324,2,     0.11154,  -0.0390758,     3.01023,   -0.141501,98540954922855
98537939591324,2,    0.179411,   -0.065738,     3.00616,   -0.141961,98541682079135
98537939591324,2,    0.256285,  -0.0958215,     3.01575,   -0.105586,98542501974781
98537939591324,2,    0.327443,   -0.123987,     2.99891,  -0.0767109,98543190494403
98537939591324,2,    0.312634,   -0.119389,     3.00874,  -0.0314435,98543837379739
98537939591324,2,    0.272634,   -0.105287,     2.99397,   0.0349936,98544543656456
98537939591324,2,    0.272634,    -0.10552,     3.00937,    0.068478,98545225575226
98537939591324,2,    0.232634,  -0.0911718,     3.00152,    0.111976,98545972455999
98537939591324,2,    0.232634,  -0.0917048,     3.01495,    0.188207,98546661007607
98537939591324,2,    0.232634,  -0.0923973,     3.01351,    0.250157,98547287889397
98537939591324,2,    0.192634,  -0.0767971,     3.02011,    0.272804,98548057196198
98537939591324,2,    0.192634,  -0.0774911,     2.99114,    0.352543,98548843792251
98537939591324,2,    0.192634,  -0.0781217,     2.95838,    0.392645,98549471549017
98537939591324,2,           0,           0,     2.97927,    0.406247,98550297565641
98537939591324,2,           0,           0,      2.9792,    0.406319,98551070987891
98537939591324,2,           0,           0,      2.9792,    0.406319,98551720535433
98537939591324,2,           0,-0.000701609,     2.97263,    0.451774,98552356281334
98537939591324,2,           0,  -0.0859019,     2.95293,    0.494706,98553011986767
98537939591324,2,           0,   -0.146484,     2.93788,    0.533551,98553701781801
98537939591324,2,           0,   -0.152317,     2.96827,    0.569277,98554452628688
98537939591324,2,           0,   -0.133652,     2.95564,    0.609912,98555126158297
98537939591324,2,           0,  -0.0882863,     2.92892,    0.708521,98555893794202
98537939591324,2,           0,  -0.0748358,     2.92252,    0.733189,98556604775483
98537939591324,2,           0,  -0.0164628,     2.89894,    0.814835,98557397879586
98537939591324,2,   0.0337686,  -0.0122601,      2.8936,    0.837521,98558024783137
98537939591324,2,    0.126491,  -0.0500627,     2.87789,    0.869812,98558675236859
98537939591324,2,    0.158858,  -0.0656474,     2.86156,    0.878661,98559346140229
98537939591324,2,    0.180269,   -0.075162,     2.88953,    0.905604,98559951407125
98537939591324,2,    0.195945,  -0.0683174,     2.85127,    0.938284,98560695598038
98537939591324,2,         0.2,  -0.0521525,     2.85305,    0.967595,98561425195041
98537939591324,2,         0.2,  -0.0375128,     2.84024,     1.01048,98562210391347
98537939591324,2,         0.2,  -0.0307662,     2.81983,     1.01932,98562984206668
98537939591324,2,         0.2,  -0.0165303,       2.809,     1.05763,98563670057696
98537939591324,2,         0.2, -0.00990711,     2.80862,      1.0781,98564404421413
98537939591324,2,    0.304932,  -0.0769376,     2.79192,     1.09568,98565130892897
98537939591324,2,    0.389531,   -0.101707,     2.77525,     1.13532,98565741717927
98537939591324,2,    0.480071,   -0.114601,     2.77931,     1.17303,98566469335071
98537939591324,2,    0.555292,    -0.12339,     2.75818,     1.15955,98567159894141
98537939591324,2,    0.628598,   -0.131008,     2.72673,     1.23453,98567950135174
98537939591324,2,    0.677131,  -0.0781125,     2.67786,     1.36979,98568581868090
98537939591324,2,    0.697105,  -0.0682182,     2.65083,       1.393,98569374279552
98537939591324,2,     0.65252,   -0.022517,     2.60386,     1.47608,98570174407311
98537939591324,2,    0.639266, -0.00321888,     2.57455,     1.48999,98570898482839
98537939591324,2,    0.618004,   0.0250701,     2.58627,     1.53456,98571618766876
98537939591324,2,    0.606323,   0.0263737,     2.56107,     1.53921,98572382291184
98537939591324,2,    0.591231,   0.0469018,     2.54923,     1.56344,98573063478790
98537939591324,2,    0.579077,   0.0367426,     2.55959,     1.55704,98573733696252
98537939591324,2,    0.568961,   0.0468167,     2.55652,     1.55497,98574484489812
98537939591324,2,     0.55975,   0.0638276,      2.5587,     1.54783,98575184586803
98537939591324,2,    0.550295,   0.0978752,     2.57339,     1.53371,98575871412230
98537939591324,2,    0.544029,    0.130498,     2.56897,     1.51884,98576572505184
98537939591324,2,    0.539799,    0.144068,     2.61605,     1.46363,98577217956426
98537939591324,2,    0.534529,    0.163176,     2.64099,     1.41746,98577858448834
98537939591324,2,    0.531322,    0.162587,     2.69472,     1.33781,98578593757469
98537939591324,2,     0.52992,    0.167083,     2.72431,     1.27316,98579218305031
98537939591324,2,    0.529016,    0.183871,     2.74706,     1.20616,98579943813268
98537939591324,2,    0.529011,    0.174214,     2.81416,     1.11293,98580607017474
98537939591324,2,    0.529679,    0.166124,     2.82346,     1.04393,98581288375457
98537939591324,2,    0.531248,    0.174968,     2.85215,    0.950179,98581953997303
98537939591324,2,    0.548009,    0.153111,     2.89984,    0.857609,98582727259609
98537939591324,2,    0.621386,    0.142847,     2.93532,    0.732505,98583503114015
98537939591324,2,     0.70392,     0.14176,     2.97451,     0.63893,98584285704885
98537939591324,2,    0.791872,    0.111837,     2.99061,    0.541855,98585028754206
98537939591324,2,    0.884743,   0.0911635,     3.01354,    0.481914,98585753352436
98537939591324,2,    0.984727,   0.0844162,     3.05699,    0.377909,98586498867107
98537939591324,2,     1.06347,   0.0525743,     3.05835,     0.30235,98587164966610
98537939591324,2,     1.13414,   0.0290197,     3.07245,    0.237427,98587850156204
98537939591324,2,     1.19941,   0.0178318,     3.06766,      0.1774,98588610596783
98537939591324,2,     1.24463,  0.00866279,     3.10654,    0.095512,98589274224058
98537939591324,2,     1.27778,-0.000254762,     3.10563,   0.0402034,98589961186560
98537939591324,2,     1.29648, -0.00473923,     3.09571, -0.00195421,98590612032411
98537939591324,2,     1.28313,  0.00163892,     3.09023,  -0.0266703,98591240419820
98537939591324,2,     1.26843,   0.0112949,     3.08771,  -0.0582257,98592027724395
98537939591324,2,     1.25473,  0.00366334,     3.08131,  -0.0777811,98592776720669
98537939591324,2,     1.23772, -0.00126211,     3.08093,   -0.107048,98593562332466
98537939591324,2,     1.22059,  0.00511833,      3.0896,   -0.118779,98594256507100
98537939591324,2,     1.20085,  0.00454047,     3.09346,   -0.133805,98595001765752
98537939591324,2,     1.17885,-0.000230103,     3.09663,    -0.13782,98595728853798
98537939591324,2,     1.16185, -0.00223378,     3.07078,   -0.136515,98596464934648
98537939591324,2,     1.14123, -0.00566493,     3.06252,   -0.132012,98597115011440
98537939591324,2,     1.11579, -0.00836109,     3.05319,   -0.125739,98597784092313
98537939591324,2,     1.09415, -0.00349625,     3.05525,   -0.114029,98598530461144
98537939591324,2,     1.07951,  0.00104628,     3.05139,   -0.096338,98599221574643
98537939591324,2,     1.06172, -0.00201879,     3.01898,    -0.08925,98600008265146
98537939591324,2,     1.03655,-0.000487074,     3.03418,  -0.0745013,98600637291591
98537939591324,2,     1.01533, -0.00386041,     3.02098,  -0.0622679,98601369106826
98537939591324,2,    0.988138, -0.00397541,     2.99691,  -0.0450241,98602057619161
98537939591324,2,    0.971774, -0.00516081,     3.00243,  -0.0362931,98602765043113
98537939591324,2,    0.935106, -0.00510003,     3.00829,  -0.0110348,98603375420602
98537939591324,2,    0.912649, -0.00369561,     3.02165,  0.00530446,98604024161764
98537939591324,2,    0.883064,    0.001022,     2.95982,    0.011668,98604732960951
98537939591324,2,    0.859319,  0.00700261,     2.78558,   0.0156009,98605515597787
98537939591324,2,    0.838219,  0.00807391,     2.65413,   0.0183249,98606242079879
98537939591324,2,    0.814271,  0.00686597,     2.53579,   0.0130384,98607061627051
98537939591324,2,     0.78277,  0.00707603,     2.36692,   0.0138063,98607909391882
98537939591324,2,    0.755069,  0.00319114,     2.22457,  0.00493004,98608886679835
98537939591324,2,    0.728374,  0.00591639,     2.09193,  0.00803064,98609590981516
98537939591324,2,    0.703014, 0.000190746,       1.972, 3.75146e-05,98610339472466
98537939591324,2,    0.676261,-0.000330069,     1.84764, -0.00250748,98611011850396
98537939591324,2,    0.646784,-0.000386894,     1.77457,-0.000505154,98611757122080
98537939591324,2,     0.61857,  0.00369948,     1.59886, 0.000928041,98612459686757
98537939591324,2,    0.603348,   0.0111297,     1.53733,  0.00712271,98613144918021
98537939591324,2,    0.583076,  0.00352497,     1.42703,  0.00223612,98613848258507
98537939591324,2,    0.552036, -0.00437062,     1.32465, -0.00328688,98614649405893
98537939591324,2,    0.517637, -0.00703819,     1.21247, -0.00589703,98615356216808
98537939591324,2,    0.494348, -0.00908114,     1.13256, -0.00543624,98616051448859
98537939591324,2,    0.474288,   -0.012926,     1.06432, -0.00728459,98616733515078
98537939591324,2,    0.449263, -0.00853772,    0.979429,  -0.0057938,98617402681983
98537939591324,2,    0.429398, -0.00595077,    0.915303, -0.00555684,98618034998985
98537939591324,2,    0.406047, -0.00417811,    0.857482, -0.00527554,98618756583866
98537939591324,2,    0.380313, -0.00198383,    0.761307, -0.00522102,98619463793592
98537939591324,2,     0.35671,  0.00195919,     0.69391, -0.00428693,98620128578624
98537939591324,2,    0.337589,  0.00199743,     0.63483, -0.00492279,98620897352261
98537939591324,2,    0.315155,   0.0045185,    0.571714, -0.00409092,98621605053627
98537939591324,2,    0.287317,  0.00372742,    0.496701, -0.00281619,98622385817949
98537939591324,2,    0.281582,-0.000876933,    0.481373, -0.00297741,98623106696935
98537939591324,2,    0.257633, 0.000392544,    0.430175, -0.00397192,98623808904927
98537939591324,2,    0.234086,-0.000942555,    0.363495, -0.00616165,98624512380560
98537939591324,2,    0.213728, -0.00119822,      0.3168, -0.00711892,98625295976665
98537939591324,2,    0.196959, -0.00145683,    0.279835, -0.00734591,98625972377443
98537939591324,2,    0.175915,  0.00184214,    0.259212, -0.00562622,98626735077034
98537939591324,2,    0.162412,  0.00202726,    0.215761, -0.00599659,98627423639815
98537939591324,2,     0.15259,  0.00264611,    0.195827, -0.00486125,98628144034164
98537939591324,2,    0.134992,  0.00210102,    0.157487, -0.00583002,98628854226645
98537939591324,2,    0.119273,  0.00262966,    0.136098, -0.00444137,98629629887087
98537939591324,2,    0.105056, 3.76981e-05,    0.114334, -0.00480976,98630322276077
98537939591324,2,   0.0910299,   0.0018764,     0.09481,  -0.0034245,98630985021057
98537939591324,2,   0.0773594,  0.00204305,   0.0752308, -0.00471952,98631676605192
98537939591324,2,   0.0665273,  0.00149036,   0.0608403, -0.00443048,98632403748353
98537939591324,2,   0.0530135,-3.25352e-05,   0.0497512,  -0.0070007,98633167398060
98537939591324,2,    0.044353, 0.000206384,   0.0351541, -0.00745524,98633813305376
98537939591324,2,   0.0361425, 0.000420967,   0.0270172, -0.00701174,98634517961035
98537939591324,2,    0.027648, 2.03256e-05,   0.0195564, -0.00736096,98635207072460
98537939591324,2,   0.0174427, 0.000118275,   0.0122082, -0.00729051,98635895480052
98537939591324,2,   0.0128611, 2.34414e-05,  0.00945461, -0.00755444,98636674498802
98537939591324,2,  0.00553297, 1.72931e-05,  0.00624564, -0.00737201,98637341120614
98537939591324,2,           0,   0.0111909,  0.00460991, -0.00689358,98638059473453
98537939591324,2,           0,   0.0941196,  0.00436063, -0.00789466,98638806514544
98537939591324,2,           0,    0.123064,   0.0032112, -0.00489346,98639563975719
98537939591324,2,           0,      0.1094,  0.00552264, -0.00301235,98640247054832
98537939591324,2,           0,    0.084947,  0.00521366, -0.00248748,98640945840495
98537939591324,2,           0,    0.056966,  0.00516774, -0.00256808,98641682960496
98537939591324,2,           0,   0.0406702,  0.00463314, -0.00028698,98642397606406
98537939591324,2,           0,   0.0150286,  0.00206554,-0.000220855,98643159482094
98643548048157,2,           0,           0,   -0.220015,     2.99563,98643822856792
98643548048157,2,           0,           0,   -0.220015,     2.99563,98644584621703
98643548048157,2,           0,           0,   -0.220015,     2.99563,98645268965638
98643548048157,2,           0,     0.16593,   -0.216409,     2.99463,98646014532867
98643548048157,2,           0,    0.378645,   -0.195882,      2.9952,98646703706878
98643548048157,2,           0,    0.572914,  -0.0196304,     3.00263,98647471290032
98643548048157,2,           0,    0.700611,    0.251561,     2.99541,98648123842756
98643548048157,2,           0,    0.800763,     0.74129,     2.91478,98648874846933
98643548048157,2,           0,    0.817606,    0.907895,     2.86882,98649565287225
98643548048157,2,           0,    0.793708,     1.11293,     2.79921,98650293091530
98643548048157,2,           0,    0.724608,     1.54597,     2.58568,98650983165656
98643548048157,2,           0,    0.654825,     1.74997,     2.45704,98651694759038
98643548048157,2,           0,    0.604594,     2.18006,     2.08786,98652351306707
98643548048157,2,           0,    0.586331,     2.28759,     1.97052,98653039853479
98643548048157,2,           0,    0.550144,     2.55783,     1.60574,98653752471846
98643548048157,2,           0,    0.500944,     2.68946,     1.36289,98654444212828
98643548048157,2,           0,    0.513369,     2.80577,      1.1045,98655096587207
98643548048157,2,           0,    0.454702,     2.90372,    0.806379,98655883884454
98643548048157,2,           0,    0.414204,     2.94864,    0.604692,98656534773328
98643548048157,2,           0,    0.394189,     2.97276,    0.522107,98657205976001
98643548048157,2,           0,    0.320951,     2.99755,    0.188423,98657940813173
98643548048157,2,           0,    0.264243,     3.01525,  -0.0358579,98658724861608
98643548048157,2,           0,    0.209686,     3.00251,   -0.223594,98659690956812
98643548048157,2,           0,    0.182489,     2.99263,   -0.308553,98660557386217
98643548048157,2,           0,    0.156845,     2.97622,   -0.379402,98661289368085
98643548048157,2,           0,    0.087355,     2.93833,   -0.530201,98662114686246
98643548048157,2,           0,   0.0516928,     2.96754,   -0.598057,98662788150118
98643548048157,2,           0,   0.0202995,     2.95212,   -0.641095,98663533656258
98643548048157,2,           0,   0.0111289,     2.94959,   -0.648379,98664184359032
98643548048157,2,           0,   0.0095677,     2.95343,   -0.641645,98665072053301
98643548048157,2,           0,  0.00521235,     2.95496,   -0.647935,98665776186896
98643548048157,2,   0.0353257,  0.00895669,     2.95641,   -0.649501,98666448315432
98643548048157,2,   0.0873653,   0.0296677,     2.94427,   -0.663395,98667140285832
98643548048157,2,    0.132736,   0.0454366,     2.94017,    -0.67099,98667884353462
98643548048157,2,    0.164265,   0.0524805,      2.9386,   -0.670365,98668576081063
98643548048157,2,    0.186415,   0.0526722,     2.91911,   -0.685703,98669285229763
98643548048157,2,    0.285167,    0.062618,     2.93521,   -0.721586,98669997518781
98643548048157,2,    0.370931,   0.0629332,     2.90049,    -0.75763,98670687095102
98643548048157,2,    0.450485,   0.0612405,     2.87424,   -0.809382,98671412481860
98643548048157,2,    0.521714,   0.0495536,     2.86915,   -0.848893,98672177621700
98643548048157,2,    0.572545,   0.0590327,     2.87815,   -0.877551,98672866617022
98643548048157,2,    0.620338,   0.0615908,     2.86118,   -0.988618,98673632665909
98643548048157,2,    0.671695,   0.0546691,     2.83942,    -1.04813,98674381302108
98643548048157,2,    0.687784,   0.0404214,     2.82917,     -1.0708,98675107984095
98643548048157,2,    0.717118,  0.00230066,     2.76788,    -1.17365,98675817221049
98643548048157,2,    0.731797,  -0.0316935,      2.7663,    -1.23129,98676577891600
98643548048157,2,    0.721323,  -0.0516688,     2.74383,    -1.28805,98677267761070
98643548048157,2,    0.711136,  -0.0635442,     2.74477,    -1.34389,98678011947335
98643548048157,2,    0.704583,  -0.0642689,     2.73882,    -1.35456,98678618754530
98643548048157,2,    0.694523,  -0.0848082,     2.72333,    -1.38597,98679342586421
98643548048157,2,      0.6885,   -0.090953,     2.70963,    -1.39673,98680105617295
98643548048157,2,    0.682548,  -0.0918827,     2.72129,    -1.40266,98680753507899
98643548048157,2,    0.677844,   -0.104008,     2.73429,    -1.41071,98681405334534
98643548048157,2,    0.627074,   -0.123825,     2.75248,    -1.41419,98682166696257
98643548048157,2,    0.522074,   -0.119034,     2.74725,    -1.38775,98682848602130
98643548048157,2,    0.480814,    -0.10297,     2.77964,    -1.39499,98683500666685
98643548048157,2,     0.47487,    -0.11988,     2.79642,    -1.36439,98684222822486
98643548048157,2,    0.472312,   -0.139388,     2.80089,    -1.35455,98684867415685
98643548048157,2,     0.45732,   -0.196811,     2.81928,    -1.30709,98685634040031
98643548048157,2,    0.497772,   -0.272425,     2.85866,     -1.2075,98686340302328
98643548048157,2,    0.533619,   -0.283732,     2.91753,    -1.12615,98687030461735
98643548048157,2,    0.560602,    -0.27275,     2.94969,   -0.998706,98687737628672
98643548048157,2,    0.580569,   -0.255864,     2.98165,   -0.928881,98688441560602
98643548048157,2,    0.614088,   -0.199797,     3.01123,   -0.800752,98689194061913
98643548048157,2,    0.647556,   -0.201269,     3.03321,   -0.715166,98689866823388
98643548048157,2,    0.699487,   -0.127664,     3.05202,   -0.567032,98690539526035
98643548048157,2,    0.773603,  -0.0817556,     3.07975,   -0.500269,98691243367550
98643548048157,2,     0.81535,  -0.0728445,     3.06457,   -0.460422,98691962851829
98643548048157,2,    0.832051,  -0.0335938,     3.06344,   -0.410941,98692622460420
98643548048157,2,    0.811629,  -0.0149007,     3.06449,   -0.390376,98693343290126
98643548048157,2,    0.791341,  -0.0252986,     3.04956,   -0.397007,98694072623172
98643548048157,2,      0.7518, -0.00737351,     3.06238,   -0.382799,98694772729122
98643548048157,2,    0.729604,   0.0152607,     3.05924,   -0.370799,98695495355701
98643548048157,2,    0.721251,   0.0232679,     3.03911,   -0.383824,98696237401941
98643548048157,2,    0.674391,   0.0369834,      3.0412,   -0.389064,98696959506288
98643548048157,2,    0.674391,   0.0481248,     3.04197,   -0.407878,98697638342607
98643548048157,2,    0.643273,   0.0512686,     3.03393,   -0.418856,98698304123222
98643548048157,2,    0.607875,    0.052813,     3.02991,   -0.466104,98699063273395
98643548048157,2,    0.607875,   0.0488536,     3.01246,   -0.502172,98699710731738
98643548048157,2,    0.607875,    0.052497,     3.00888,   -0.520142,98700448866846
98643548048157,2,    0.621891,   0.0482895,     3.01228,   -0.543394,98701250675646
98643548048157,2,     0.66469,   0.0686343,     2.96139,   -0.595216,98702052703565
98643548048157,2,    0.690595,   0.0880789,     2.96117,   -0.636298,98702760842547
98643548048157,2,    0.689095,    0.112543,     2.94133,    -0.68278,98703542734256
98643548048157,2,    0.686562,    0.115156,     2.93842,    -0.73379,98704191868301
98643548048157,2,    0.682824,    0.122711,     2.91924,   -0.781588,98704937040227
98643548048157,2,    0.681718,   0.0973717,     2.89973,   -0.848157,98705603457625
98643548048157,2,    0.695812,   0.0806907,      2.8856,   -0.904321,98706207915893
98643548048157,2,    0.757268,   0.0671877,     2.86374,   -0.966121,98706927955005
98643548048157,2,    0.805002,   0.0688927,     2.84389,    -1.00481,98707630524854
98643548048157,2,    0.840569,   0.0572436,     2.83478,    -1.06213,98708351085314
98643548048157,2,    0.860872,   0.0599872,     2.81145,    -1.08698,98709080031234
98643548048157,2,    0.857689,   0.0601605,     2.80661,    -1.10942,98709826599425
98643548048157,2,     0.84852,    0.038095,     2.79291,    -1.15188,98710419581265
98643548048157,2,     0.84132,     0.03209,     2.78157,    -1.16746,98711171119154
98643548048157,2,    0.834779,   0.0145738,     2.77066,    -1.20181,98711840654430
98643548048157,2,     0.82481,  0.00783996,     2.74959,    -1.21845,98712512587298
98643548048157,2,     0.81888,-0.000429536,     2.76603,    -1.21674,98713262612980
98643548048157,2,     0.81226, -0.00564892,      2.7602,    -1.22501,98713913580226
98643548048157,2,    0.806457, -0.00621229,     2.75109,    -1.22581,98714603961198
98643548048157,2,    0.800893,  -0.0028006,     2.78028,    -1.20912,98715332690553
98643548048157,2,    0.797715,  -0.0041534,     2.77134,    -1.20384,98716043512873
98643548048157,2,    0.791923,  -0.0297677,      2.7869,    -1.18587,98716796812848
98643548048157,2,    0.788207,  -0.0649971,     2.77845,    -1.15499,98717510526411
98643548048157,2,    0.784325,    -0.11396,     2.81118,     -1.1136,98718245092317
98643548048157,2,    0.782443,   -0.136593,     2.80369,     -1.0919,98718975007504
98643548048157,2,    0.780856,   -0.166074,     2.82915,    -1.01166,98719666704887
98643548048157,2,    0.779225,   -0.167334,     2.87771,   -0.903965,98720298960663
98643548048157,2,    0.778119,   -0.148563,     2.92513,   -0.779424,98720967520442
98643548048157,2,     0.77794,   -0.115354,     2.97341,    -0.61785,98721721433473
98643548048157,2,    0.778685,  -0.0966056,     3.00264,   -0.521096,98722469631022
98643548048157,2,    0.780153,  -0.0769536,     3.01211,   -0.419534,98723221849410
98643548048157,2,    0.811305,  -0.0763913,     3.02824,   -0.376638,98723893185056
98643548048157,2,     0.86228,  -0.0555444,     3.03463,   -0.256174,98724545308267
98643548048157,2,    0.897405,  -0.0410521,     3.07019,    -0.19022,98725136900500
98643548048157,2,    0.921424,  -0.0382624,     3.08556,   -0.112359,98725773365448
98643548048157,2,    0.910599,   -0.025705,     3.09634,  -0.0142102,98726384622925
98643548048157,2,    0.878708, -0.00782785,     2.92743,   0.0102339,98727055954705
98643548048157,2,    0.857133, -0.00736111,     2.77512,   0.0111139,98727729903762
98643548048157,2,    0.827484,   0.0105979,     2.60578,   0.0263834,98728500917462
98643548048157,2,    0.806926,   0.0168179,     2.49396,   0.0273276,98729147930421
98643548048157,2,    0.773726,   0.0192201,     2.33142,   0.0212344,98729898421085
98643548048157,2,     0.75288,   0.0145342,     2.21285,   0.0207587,98730602511762
98643548048157,2,    0.729609,   0.0109665,     2.09744,   0.0118544,98731290083962
98643548048157,2,    0.709809,  0.00626079,      2.0033,  0.00590041,98731942647840
98643548048157,2,    0.673149,  0.00551177,     1.83399,   0.0038766,98732639460993
98643548048157,2,    0.646552,  0.00367274,     1.71653,  0.00282566,98733281403080
98643548048157,2,    0.622818,  0.00294611,     1.62077,  0.00245306,98733988861409
98643548048157,2,    0.596346, -0.00428479,     1.50857, -0.00375503,98734716265674
98643548048157,2,    0.572522, -0.00381356,     1.43719, -0.00276116,98735389546085
98643548048157,2,    0.543538, -0.00496849,     1.33333, -0.00411674,98736077596026
98643548048157,2,    0.520689, -0.00491081,     1.23538, -0.00274569,98736766800293
98643548048157,2,    0.486259, -0.00396547,     1.10519, -0.00173042,98737419268029
98643548048157,2,    0.466319, 0.000770348,     1.03684,-5.40782e-05,98738188123649
98643548048157,2,    0.441677, -0.00630835,    0.954684, -0.00400489,98738857545717
98643548048157,2,    0.421936, -0.00357515,    0.905115, -0.00293105,98739604861943
98643548048157,2,    0.389173,  -0.0023265,    0.810707,  -0.0015401,98740267952738
98643548048157,2,      0.3677,-0.000118246,    0.723117,-0.000451425,98741097201282
98643548048157,2,    0.350412,  0.00717575,    0.671915,  0.00285846,98741724540945
98643548048157,2,     0.32839,    0.015679,    0.621914,  0.00211875,98742476379974
98643548048157,2,    0.309326, -0.00220152,    0.555387, -0.00117537,98743200637252
98643548048157,2,    0.289595, -0.00521706,    0.503132, -0.00130961,98743935459048
98643548048157,2,    0.262805, 0.000254577,    0.434059, 0.000228829,98744665545625
98643548048157,2,    0.247019, -0.00340332,    0.394497, -0.00112723,98745335036716
98643548048157,2,    0.231114, -0.00342883,    0.356309, -0.00117493,98746078414427
98643548048157,2,      0.2155, -0.00169527,    0.320793, -0.00200832,98746786401838
98643548048157,2,    0.194169, -0.00109985,     0.27367,-0.000736261,98747530736422
98643548048157,2,    0.172783,  0.00067039,    0.237739,  0.00212307,98748338647478
98643548048157,2,    0.162935,  0.00237026,    0.209403,-1.29022e-05,98749047537971
98643548048157,2,    0.145532, 0.000101882,     0.17675,-0.000118377,98749653417350
98643548048157,2,    0.128572,-0.000858865,    0.148452, -0.00163889,98750339631105
98643548048157,2,    0.113631, -0.00209037,    0.121282, -0.00131213,98750990592802
98643548048157,2,   0.0973583,-0.000621952,   0.0976862,  -0.0017865,98751737836290
98643548048157,2,   0.0807108, -0.00144752,   0.0787697, -0.00115524,98752529090791
98643548048157,2,   0.0705526,  0.00167847,   0.0666861, -0.00267696,98753190919122
98643548048157,2,   0.0595533, 0.000309014,   0.0517375, -0.00327649,98753939216260
98643548048157,2,   0.0466302, 0.000483646,   0.0404215, -0.00335772,98754820427935
98643548048157,2,   0.0372749, 0.000446859,   0.0279949, -0.00397554,98755466310640
98643548048157,2,   0.0283554,  0.00039847,   0.0201661,  -0.0040506,98756089118970
98643548048157,2,   0.0209309, 9.58732e-05,   0.0145847, -0.00471103,98756713659954
98643548048157,2,   0.0145248, 0.000146993,   0.0104939, -0.00320386,98757440261922
98643548048157,2,  0.00153775, 1.48905e-05,  0.00528118, -0.00203563,98758083892590
98643548048157,2,           0,   -0.139728,  0.00350931, -0.00241802,98758722937924
98643548048157,2,           0,   -0.355404,  0.00317208, -0.00154344,98759445438888
98643548048157,2,           0,   -0.548015,  0.00225815, -0.00350558,98760241603302
98643548048157,2,           0,   -0.670792,-0.000362184,  -0.0024257,98760920932692
98643548048157,2,           0,   -0.742696,-0.000193505, -0.00267642,98761544416865
98643548048157,2,           0,   -0.748128, 0.000120065, -0.00411246,98762304198646
98643548048157,2,           0,   -0.682516, 0.000472984,  -0.0121358,98763022930375
98643548048157,2,           0,    -0.63014,  0.00384613,  -0.0130581,98763745983242
98643548048157,2,           0,   -0.579448,  0.00755713,  -0.0103019,98764536606105
98643548048157,2,           0,   -0.529577,   0.0173898, -0.00959883,98765221697103
98643548048157,2,           0,   -0.474856,   0.0249593,  -0.0020443,98765898961749
98643548048157,2,           0,   -0.435508,    0.032703,  0.00316703,98766601104781
98643548048157,2,           0,    -0.39276,   0.0435682,  0.00735387,98767343309522
98643548048157,2,           0,   -0.330296,   0.0493638,   0.0154612,98768137255066
98643548048157,2,           0,   -0.286749,   0.0578588,   0.0190386,98768765188652
98643548048157,2,           0,   -0.234662,   0.0661831,   0.0266882,98769465070281
98643548048157,2,           0,   -0.202812,    0.062332,   0.0407719,98770200819435
98643548048157,2,           0,   -0.157091,    0.070871,   0.0457185,98770979551486
98643548048157,2,           0,   -0.100059,   0.0699172,   0.0564032,98771678318511
98643548048157,2,           0,  -0.0690431,    0.073696,   0.0637167,98772396805676
98643548048157,2,           0,   -0.038979,    0.077015,   0.0655327,98773193840501
98643548048157,2,           0,  -0.0154478,   0.0810716,   0.0660883,98773951894448
98643548048157,2,           0,  -0.0117701,   0.0846817,   0.0679967,98774611303087
98775157645509,2,           0,           0,    0.087416,   0.0696014,98775334497904
98775157645509,2,           0,           0,   0.0874159,   0.0696013,98776020958077
98775157645509,2,           0,           0,   0.0874159,   0.0696013,98776781992320
98775157645509,2,           0,  -0.0488932,    -3.00857,  -0.0404501,98777508710998
98775157645509,2,           0,   -0.292531,    -3.00637,  -0.0442833,98778132571708
98775157645509,2,           0,   -0.550276,    -2.98478,    -0.34472,98778899111281
98775157645509,2,           0,   -0.749379,    -2.99231,    -0.23798,98779596794930
98775157645509,2,           0,   -0.910389,    -2.92655,   -0.668549,98780305125343
98775157645509,2,           0,    -1.05654,    -2.76974,      -1.171,98781203601292
98775157645509,2,           0,    -1.12401,    -2.52554,    -1.62603,98782174659590
98775157645509,2,           0,     -1.1068,    -2.35547,    -1.86103,98783283909884
98775157645509,2,           0,    -1.07904,    -2.05466,    -2.18651,98783946305120
98775157645509,2,           0,    -1.03049,    -1.50405,    -2.63657,98784748062212
98775157645509,2,           0,   -0.993204,    -1.12029,    -2.80871,98785432070812
98775157645509,2,           0,   -0.937602,   -0.406455,    -2.98552,98786033808067
98775157645509,2,           0,   -0.886536,    0.122469,    -3.00232,98786777957153
98775157645509,2,           0,   -0.813282,    0.794149,    -2.93438,98787486237643
98775157645509,2,           0,    -0.78127,     1.02609,    -2.85578,98788294838467
98775157645509,2,           0,   -0.724515,     1.43517,    -2.67198,98789077943009
98775157645509,2,           0,   -0.666848,      1.7607,    -2.46434,98789841850566
98775157645509,2,           0,    -0.62618,      1.9636,     -2.2976,98790624037907
98775157645509,2,           0,   -0.562251,     2.22715,    -2.02628,98791393832610
98775157645509,2,           0,   -0.508437,     2.42801,    -1.78025,98792081390600
98775157645509,2,           0,   -0.460925,     2.57075,    -1.55608,98792782032468
98775157645509,2,           0,    -0.40778,     2.70921,    -1.31604,98793526568384
98775157645509,2,           0,   -0.346242,     2.81638,    -1.04155,98794233076496
98775157645509,2,           0,   -0.317444,     2.84827,   -0.907195,98794981519095
98775157645509,2,           0,   -0.291796,     2.91117,   -0.809272,98795736363194
98775157645509,2,           0,   -0.234998,     2.96024,   -0.584741,98796523933527
98775157645509,2,           0,   -0.194559,      2.9526,   -0.428492,98797212469065
98775157645509,2,           0,   -0.143342,     2.98619,   -0.270368,98798023661669
98775157645509,2,           0,  -0.0965339,     2.99786,   -0.158951,98798675863791
98775157645509,2,           0,  -0.0665632,     3.00313,  -0.0834853,98799420394643
98775157645509,2,           0,  -0.0468932,     3.00954,  -0.0382511,98800143296307
98775157645509,2,           0,  -0.0241845,     3.01592, -0.00179674,98800884374406
98775157645509,2,           0,  -0.0232407,     3.01792,  0.00965776,98801587275035
98775157645509,2,           0, -0.00949611,     3.01602,   0.0307485,98802371864216
98775157645509,2,           0,           0,     3.01708,   0.0444726,98803141129199
98775157645509,2,    0.153861,    0.053575,     3.00855,    0.038724,98803911407801
98775157645509,2,    0.320232,    0.107875,     3.02209,   0.0243594,98804660778798
98775157645509,2,     0.45929,    0.132036,     3.01023,    0.014006,98805331516381
98775157645509,2,    0.600095,   0.0839251,     3.00651,  -0.0217705,98806062842687
98775157645509,2,    0.736463,   0.0508798,     3.01036,  -0.0689684,98806831727751
98775157645509,2,    0.851229,   0.0238681,     2.98329,  -0.0988925,98807539807721
98775157645509,2,    0.966163, -0.00828863,     3.00983,    -0.12652,98808321396301
98775157645509,2,      1.0654,  -0.0276731,      2.9912,   -0.140765,98809087656674
98775157645509,2,      1.1537,  -0.0413247,     3.01826,   -0.148076,98809871569715
98775157645509,2,     1.21798,  -0.0510056,     3.02368,   -0.143923,98810539860846
98775157645509,2,     1.27857,  -0.0547795,     3.01829,   -0.130361,98811303955514
98775157645509,2,     1.32635,  -0.0478464,     3.01766,   -0.111051,98812084536675
98775157645509,2,     1.35212,  -0.0461196,     3.00083,  -0.0971516,98812712833224
98775157645509,2,     1.36018,  -0.0447801,     3.02717,  -0.0788252,98813439170180
98775157645509,2,      1.3445,  -0.0292713,       2.993,  -0.0564099,98814105403084
98775157645509,2,     1.33402,  -0.0288594,     3.00695,  -0.0473965,98814813772226
98775157645509,2,     1.31746,  -0.0253995,     3.01537,  -0.0331322,98815526475150
98775157645509,2,     1.30071,  -0.0118755,     2.99395,  -0.0198425,98816198301360
98775157645509,2,      1.2908,  -0.0100869,     3.01977,  -0.0158593,98816928486840
98775157645509,2,     1.27149, -0.00286531,     3.01338, -0.00992779,98817637332657
98775157645509,2,     1.25568, 0.000950591,     3.01629, -0.00823031,98818404530492
98775157645509,2,      1.2413,   0.0111294,     3.01106, -0.00604945,98819133267916
98775157645509,2,     1.22754,   0.0130987,      3.0002, -0.00426975,98819862167610
98775157645509,2,      1.2042,  0.00388154,     3.00216,  -0.0122115,98820592213818
98775157645509,2,     1.18449,  0.00182393,      2.9994,  -0.0129716,98821558825607
98775157645509,2,     1.15568, -0.00714013,     3.00504,   -0.027552,98822424571641
98775157645509,2,     1.15196, -0.00247628,     3.01142,  -0.0217352,98823136388195
98775157645509,2,     1.12978, -0.00986376,     2.99239,  -0.0237897,98823866956835
98775157645509,2,     1.11188, -0.00820875,     3.00171,  -0.0278671,98824695608812
98775157645509,2,     1.09452, -0.00105238,     3.02501,  -0.0155342,98825366525083
98775157645509,2,     1.07366,  0.00056848,     3.01413,  -0.0105375,98826081853619
98775157645509,2,      1.0433, -0.00930001,     3.00429,  -0.0182938,98826772665022
98775157645509,2,     1.01093, -0.00631109,     3.02636,  -0.0101701,98827582627373
98775157645509,2,     1.00466,  -0.0107122,     3.01565, -0.00896499,98828315099840
98775157645509,2,     0.97683,  -0.0062301,     3.01041, -0.00814593,98829102810348
98775157645509,2,    0.945346, -0.00211546,       3.009, -0.00344841,98829935595163
98775157645509,2,    0.911827, -0.00104989,     3.01183,  0.00171351,98830683605147
98775157645509,2,    0.889004, -0.00116889,      3.0042, -0.00260473,98831414578288
98775157645509,2,    0.867138,  0.00497652,     2.83012,  0.00626308,98832048334845
98775157645509,2,    0.834066,  0.00233396,     2.66482,  0.00144765,98832858325538
98775157645509,2,    0.813406,  0.00520416,     2.52931,  0.00164404,98833586550802
98775157645509,2,    0.790073,  0.00509702,     2.40522,  0.00246689,98834215731102
98775157645509,2,     0.76317,  0.00459373,     2.26499,  0.00156748,98834986149340
98775157645509,2,    0.737595, -0.00214973,     2.14563, -0.00434411,98835698040866
98775157645509,2,    0.710443, -0.00699822,     2.00623, -0.00921174,98836465284079
98775157645509,2,    0.686409, -0.00328261,     1.90096, -0.00635959,98837235333901
98775157645509,2,    0.658169,  0.00175723,     1.77332, -0.00105291,98837946088880
98775157645509,2,    0.634846, -0.00221698,     1.66677, -0.00227761,98838654676724
98775157645509,2,    0.612829,  0.00553161,     1.60695,    0.003425,98839422325571
98775157645509,2,    0.587719, -0.00148822,      1.4578, -0.00269357,98840154543048
98775157645509,2,     0.55834, -0.00224275,     1.36392,  -0.0022075,98840805626448
98775157645509,2,    0.529951, -0.00586375,     1.25866, -0.00401899,98841543154446
98775157645509,2,    0.499513,  -0.0054532,     1.15063, -0.00379642,98842267444247
98775157645509,2,    0.476929, -0.00113332,     1.07351,-0.000588248,98842998752762
98775157645509,2,    0.444028, 0.000856383,    0.961336, 0.000384227,98843728282728
98775157645509,2,    0.430649, -0.00395206,    0.920497, -0.00108328,98844570762980
98775157645509,2,    0.401329, -0.00156034,    0.806827, 0.000211535,98845265872128
98775157645509,2,    0.384613,  0.00263182,    0.799987,  0.00198197,98846053616689
98775157645509,2,    0.360445,  0.00195382,    0.701754,  0.00293663,98846763020333
98775157645509,2,     0.33077,  0.00350336,    0.621562,  0.00428542,98847572765945
98775157645509,2,    0.320982,  0.00487036,    0.596233,  0.00354889,98848281368798
98775157645509,2,    0.293058, 0.000258803,    0.520904,  0.00469751,98849066775541
98775157645509,2,    0.264756,  0.00389883,    0.474926,  0.00570441,98849815703803
98775157645509,2,    0.249094,  0.00314351,    0.428765,  0.00491106,98850581720125
98775157645509,2,    0.235108,  0.00160407,    0.376019,  0.00702444,98851270311216
98775157645509,2,    0.216705,  0.00488581,    0.334058,   0.0102899,98852013684169
98775157645509,2,    0.196672,  0.00210139,      0.2896,    0.010491,98852714785922
98775157645509,2,    0.176704, 0.000597464,    0.244847,   0.0108357,98853533764105
98775157645509,2,    0.157388, 0.000117551,    0.208753,   0.0113365,98854239815167
98775157645509,2,    0.145815,-7.96297e-05,    0.186519,   0.0124511,98855021554460
98775157645509,2,    0.131547, -0.00231719,    0.161106,   0.0141746,98855761793021
98775157645509,2,    0.119755, -0.00384611,    0.140884,   0.0128507,98856484201057
98775157645509,2,    0.106816, -0.00573819,    0.119283,   0.0106983,98857225224327
98775157645509,2,   0.0950716, -0.00353114,    0.106765,   0.0126763,98858031597981
98775157645509,2,   0.0825472, -0.00373511,   0.0826256,   0.0105737,98858700581999
98775157645509,2,   0.0653686, -0.00346069,   0.0594737,   0.0102088,98859408466398
98775157645509,2,   0.0584359, -0.00198558,   0.0544675,   0.0121292,98860195387565
98775157645509,2,   0.0473866, -0.00332027,   0.0384315,   0.0115719,98861000020672
98775157645509,2,   0.0372706,-0.000602044,   0.0340652,   0.0106146,98861745141911
98775157645509,2,   0.0344939,-0.000417485,   0.0255463,   0.0136589,98862508669173
98775157645509,2,   0.0255081,-0.000217892,   0.0179529,   0.0140681,98863232881648
98775157645509,2,  0.00997119,-7.05079e-05,  0.00806759,   0.0133592,98864035528171
98864519833995,2,           0,           0,     3.01162,   0.0627596,98864716854862
98864519833995,2,           0,           0,     3.01162,   0.0627596,98865442687800
98864519833995,2,           0,           0,     3.01162,   0.0627596,98866185786338
98864519833995,2,           0,  0.00815089,     3.01164,   0.0618002,98866935981709
98864519833995,2,           0,   0.0102394,     3.01493,    0.048014,98867623546585
98864519833995,2,           0,   0.0145267,     3.01474,   0.0503592,98868332895880
98864519833995,2,           0,  0.00826909,     3.01421,   0.0455875,98869124727423
98864519833995,2,  0.00642533, 0.000655376,     3.01386,   0.0399465,98869874234193
98864519833995,2,    0.128203,   0.0372618,     3.00627,   0.0348416,98870655413207
98864519833995,2,    0.229426,   0.0364994,     2.99859,   0.0304769,98871377231611
98864519833995,2,    0.318988,   0.0381791,     3.02344,   0.0208277,98872100660085
98864519833995,2,      0.4007,   0.0384084,     2.99406,  0.00865206,98872858233825
98864519833995,2,    0.468237,   0.0367793,     3.00117, -0.00304286,98873602979892
98864519833995,2,    0.520804,   0.0205698,     3.02731,  -0.0134306,98874330557636
98864519833995,2,    0.562035,   0.0120384,      3.0194,  -0.0275015,98875169186446
98864519833995,2,    0.581537,  0.00730311,     3.02134,  -0.0420898,98875928539497
98864519833995,2,      0.5718, -0.00709441,     2.99363,  -0.0525827,98876618986356
98864519833995,2,    0.558547,  -0.0203805,     2.98369,  -0.0581833,98877326129007
98864519833995,2,    0.550525,  -0.0195012,     3.00655,   -0.051702,98878097674783
98864519833995,2,    0.539893,  -0.0484736,     3.01397,   -0.043436,98878787714461
98864519833995,2,    0.533473,  -0.0975385,     3.00029, -0.00158652,98879521328891
98864519833995,2,    0.526335,   -0.171519,     3.02917,   0.0406194,98880312103327
98864519833995,2,     0.52464,   -0.201916,     2.99714,   0.0817892,98880962741075
98864519833995,2,    0.519099,   -0.227309,     3.01979,     0.17979,98881795302318
98864519833995,2,    0.517409,   -0.211991,     2.99823,    0.338698,98882464646337
98864519833995,2,    0.477019,    -0.18649,     2.97665,    0.479703,98883249023032
98864519833995,2,    0.437019,   -0.149819,     2.93726,    0.604507,98883936881691
98864519833995,2,    0.437019,   -0.120649,     2.93469,    0.693586,98884720458494
98864519833995,2,    0.437019,  -0.0931715,     2.92804,     0.77006,98885387401929
98864519833995,2,    0.475522,  -0.0810206,     2.89407,    0.845557,98886088893042
98864519833995,2,    0.507986,  -0.0636374,     2.86871,    0.929111,98886899603287
98864519833995,2,    0.525916,  -0.0406088,     2.83237,    0.985289,98887625733829
98864519833995,2,    0.535828,  -0.0402473,     2.83041,      1.0338,98888347276540
98864519833995,2,     0.53971,  -0.0160924,     2.81657,      1.0948,98889082030518
98864519833995,2,    0.545016,  -0.0334765,     2.78497,     1.16361,98889847985918
98864519833995,2,    0.584968,  -0.0325524,     2.79182,     1.18583,98890624726269
98864519833995,2,    0.608739,  -0.0344138,     2.75316,     1.22317,98891345047486
98864519833995,2,    0.609202,  -0.0394308,     2.76336,     1.25246,98891968817035
98864519833995,2,    0.600259,  -0.0418533,     2.73556,      1.3094,98892576235427
98864519833995,2,    0.589002,  -0.0439224,     2.73495,     1.36626,98893283233025
98864519833995,2,    0.571985,  -0.0412426,     2.70279,     1.39661,98894004906747
98864519833995,2,    0.557432,   -0.038922,     2.67643,     1.46097,98894713777900
98864519833995,2,    0.544087,  -0.0341742,     2.64047,      1.5097,98895503052060
98864519833995,2,    0.531444,  -0.0275397,     2.63307,     1.54807,98896275996816
98864519833995,2,    0.523936,  -0.0188659,     2.61286,     1.59385,98896985969391
98864519833995,2,    0.515558,  -0.0148014,     2.60169,     1.63445,98897654888673
98864519833995,2,    0.506161, -0.00519042,     2.56803,     1.66319,98898365725378
98864519833995,2,    0.500131,  -0.0108916,     2.58034,      1.6855,98899173495379
98864519833995,2,    0.493065,   0.0174116,     2.54841,     1.72352,98899979730634
98864519833995,2,    0.487757,    0.143643,     2.58505,     1.72928,98900675873101
98864519833995,2,    0.483993,    0.128324,      2.5625,     1.73902,98901429165440
98864519833995,2,    0.480106,    0.171759,     2.59964,     1.69398,98902216764682
98864519833995,2,    0.477435,    0.209809,     2.64512,     1.64301,98902930582700
98864519833995,2,    0.476067,    0.256724,     2.69593,     1.57011,98903817131213
98864519833995,2,    0.475713,    0.290023,     2.72902,     1.50098,98904631652960
98864519833995,2,    0.475849,    0.292429,     2.81838,     1.37286,98905620812805
98864519833995,2,    0.476802,    0.289756,     2.88449,     1.22697,98906395646580
98864519833995,2,    0.478074,    0.257456,     2.92114,     1.09318,98907125067065
98864519833995,2,    0.480478,    0.234539,     2.99011,    0.954233,98907820643817
98864519833995,2,    0.485134,    0.203582,     3.02246,    0.809954,98908753770047
98864519833995,2,    0.488135,    0.171499,     3.04063,    0.721207,98909587100556
98864519833995,2,    0.492786,    0.164749,     3.06244,    0.625449,98910335586974
98864519833995,2,    0.497865,    0.160427,     3.06377,     0.58339,98911286574213
98864519833995,2,    0.581163,    0.112454,     3.08958,     0.46665,98912231330822
98864519833995,2,    0.656256,   0.0657718,     3.10127,    0.362989,98912826904523
98864519833995,2,    0.752799,   0.0456937,     3.11991,    0.285974,98913622103747
98864519833995,2,    0.829982,   0.0388141,     3.08587,    0.246201,98914354251549
98864519833995,2,    0.892452,   0.0243379,     3.09754,    0.201636,98915060329416
98864519833995,2,    0.941204,   0.0172001,     3.09028,    0.154589,98915770400667
98864519833995,2,    0.980174,  0.00953733,     3.10046,    0.121347,98916600263841
98864519833995,2,    0.982826,  0.00400717,     3.07571,   0.0930707,98917392286270
98864519833995,2,    0.956663,-2.23787e-06,     3.07973,    0.066787,98918162662728
98864519833995,2,    0.935056, -0.00760546,     3.07385,    0.032513,98918852078131
98864519833995,2,    0.913799,  -0.0172238,     3.07295,  0.00188011,98919586506123
98864519833995,2,    0.885793,   -0.016566,     2.93982,-0.000194343,98920395554131
98864519833995,2,    0.858795,  -0.0122613,     2.78173,  0.00868272,98921277176025
98864519833995,2,    0.832544, 0.000482286,     2.63469,   0.0163837,98921893209484
98864519833995,2,    0.807907, -0.00197869,     2.48786,   0.0155713,98922682736619
98864519833995,2,    0.781811,  0.00332329,     2.36125,   0.0207842,98923431972869
98864519833995,2,    0.743861,  0.00067666,     2.16757,   0.0144077,98924240387453
98864519833995,2,    0.739614,  0.00374086,     2.14741,   0.0167124,98924913578120
98864519833995,2,    0.699806, -0.00138954,     1.95611,   0.0119665,98925647989065
98864519833995,2,    0.675042, -0.00238165,     1.84627,  0.00847668,98926415017989
98864519833995,2,    0.640652,  -0.0012289,     1.73227,  0.00583094,98927206292355
98864519833995,2,       0.627,   0.0039822,     1.63454,   0.0105565,98927933062786
98864519833995,2,    0.591585,  0.00663375,     1.56218,   0.0104039,98928685243789
98864519833995,2,    0.576913,  0.00827896,     1.43284,  0.00920469,98929452394129
98864519833995,2,    0.549754,  0.00624519,     1.33123,  0.00585102,98930201147214
98864519833995,2,    0.522427,   0.0050378,     1.23204,     0.00417,98930892614076
98864519833995,2,    0.496737,  0.00786074,      1.1708,   0.0048411,98931561437598
98864519833995,2,    0.469574,  0.00456105,     1.04811,  -0.0011617,98932296762329
98864519833995,2,    0.445254,   0.0022045,    0.977365,-0.000611121,98932944860543
98864519833995,2,    0.428008,  0.00190489,    0.914919, -0.00259471,98933595381971
98864519833995,2,    0.400087, -0.00061076,    0.839401, -0.00518393,98934316471612
98864519833995,2,    0.376542,-0.000681548,    0.755322, -0.00718447,98935002416898
98864519833995,2,    0.348214, 6.68334e-05,     0.67344, -0.00793306,98935750515278
98864519833995,2,    0.328072,  0.00129438,    0.607866,  -0.0067975,98936517469467
98864519833995,2,    0.316208,   0.0010044,    0.578549, -0.00637852,98937303920108
98864519833995,2,     0.29224,  0.00482662,     0.51016, -0.00503536,98937951379257
98864519833995,2,    0.269926,  0.00136153,    0.451927, -0.00374533,98938680844821
98864519833995,2,    0.245238,  0.00394697,    0.402252, -0.00412813,98939386103926
98864519833995,2,    0.226665,  0.00191981,    0.356051,  -0.0047162,98940149496977
98864519833995,2,      0.2155,  0.00311747,    0.321475, -0.00295985,98940877171550
98864519833995,2,    0.189471,  0.00575342,    0.264278, -0.00236157,98941640965538
98864519833995,2,      0.1794,  0.00497672,    0.243239, -0.00370145,98942308622315
98864519833995,2,    0.159847,  0.00240619,    0.203831, -0.00466106,98943015940068
98864519833995,2,    0.148907,  0.00329781,    0.184627, -0.00444662,98943745122049
98864519833995,2,    0.134992,  0.00134529,    0.158135, -0.00445368,98944433641632
98864519833995,2,    0.115502, 0.000719423,    0.130207, -0.00367948,98945099146901
98864519833995,2,   0.0993937, 0.000434287,    0.107651, -0.00505811,98945840575698
98864519833995,2,   0.0871419, 0.000917032,   0.0891558, -0.00389973,98946510334044
98864519833995,2,   0.0766078,  0.00149422,   0.0741321, -0.00244119,98947220775228
98864519833995,2,   0.0674298,  0.00313759,   0.0619469, -0.00233799,98947946594091
98864519833995,2,   0.0526321, 0.000309355,   0.0440612, 0.000151702,98948693646665
98864519833995,2,   0.0430471, 0.000183539,   0.0337754, -0.00132325,98949453624692
98864519833995,2,   0.0328139, 0.000403875,   0.0239885, -0.00117244,98950275665263
98864519833995,2,   0.0256217, 9.64036e-05,   0.0198887, -0.00263326,98951038721444
98864519833995,2,   0.0200334, -7.6355e-06,   0.0139943, -0.00261629,98951700530745
98864519833995,2,     0.01102, 8.60386e-05,  0.00861968, -0.00235501,98952342065079
98864519833995,2,  0.00737498, 2.60905e-05,  0.00721451, -0.00130588,98953064422675
98864519833995,2, 0.000662758, 5.87461e-07,  0.00513353, -0.00305891,98953820874307
98864519833995,2,           0,  -0.0510552,  0.00399381, -0.00360179,98954523388634
98864519833995,2,           0,   -0.144851,  0.00320909, -0.00329618,98955209137926
98864519833995,2,           0,   -0.202025,  0.00253647, -0.00341657,98955955705767
98864519833995,2,           0,   -0.191596,  0.00451259, -0.00274283,98956662573651
98864519833995,2,           0,   -0.166928,  0.00394974, -0.00227701,98957346044667
98864519833995,2,           0,   -0.127834,  0.00802751, -0.00186383,98958031975567
98864519833995,2,           0,  -0.0842222,  0.00944927, 1.32291e-05,98958855459364
98864519833995,2,           0,  -0.0617725,   0.0118806,  0.00384513,98959597615519
98864519833995,2,           0,  -0.0365234,   0.0127018,  0.00479091,98960343528010
98864519833995,2,           0, -0.00664527,   0.0143348,  0.00637802,98960966726692
98961361742270,2,           0,           0,     2.42011,      1.8061,98961812704360
98961361742270,2,           0,           0,     2.42011,      1.8061,98962632628344
98961361742270,2,           0,   0.0114831,     2.42011,      1.8061,98963396754696
98961361742270,2,           0,     0.18447,     2.45052,     1.76348,98964048240045
98961361742270,2,           0,    0.348228,     2.47727,     1.72613,98964816836656
98961361742270,2,           0,    0.462625,     2.52807,     1.65222,98965564839571
98961361742270,2,           0,    0.516563,     2.65723,     1.43072,98966476086106
98961361742270,2,           0,    0.494381,     2.65669,      1.4293,98967340728588
98961361742270,2,           0,    0.458976,     2.78635,     1.16062,98968281161078
98961361742270,2,           0,    0.395278,     2.88838,    0.837516,98968948291655
98961361742270,2,           0,    0.317871,     2.95986,    0.496203,98969655454464
98961361742270,2,           0,    0.285436,     2.97508,    0.367382,98970420228928
98961361742270,2,           0,    0.251765,     2.97975,    0.239776,98971146869380
98961361742270,2,           0,     0.20811,     3.02587,   0.0796063,98971847243664
98961361742270,2,           0,    0.171287,     3.02123,  -0.0345214,98972511721670
98961361742270,2,           0,    0.127809,     3.01631,   -0.141283,98973250650239
98961361742270,2,           0,   0.0974923,     3.00959,   -0.204125,98973911584970
98961361742270,2,           0,   0.0710544,     3.00323,   -0.244141,98974670760207
98961361742270,2,           0,   0.0437061,     2.99587,   -0.294141,98975412367678
98961361742270,2,           0,   0.0212267,     2.99134,   -0.325051,98976226311281
98961361742270,2,           0,  0.00406979,     2.98835,   -0.337046,98977008708336
98961361742270,2,   0.0847078,   0.0269215,     2.98239,   -0.345753,98977679513270
98961361742270,2,    0.187632,   0.0184811,     2.97576,   -0.347906,98978363188880
98961361742270,2,    0.270885,    0.011711,     2.99976,   -0.366838,98979029439836
98961361742270,2,     0.35508,   0.0109129,     2.96739,   -0.371589,98979830970819
98961361742270,2,    0.419318,  0.00714246,     2.96684,   -0.391837,98980572045635
98961361742270,2,    0.462082,  0.00342705,     2.99623,   -0.427293,98981253013339
98961361742270,2,    0.492063, -0.00411333,      2.9946,   -0.450724,98981973701285
98961361742270,2,    0.497714, -0.00854565,     2.97961,   -0.477259,98982737259197
98961361742270,2,    0.488259,  -0.0129325,      2.9829,   -0.504477,98983501425942
98961361742270,2,    0.478097,   -0.013848,     2.97109,   -0.540912,98984205019402
98961361742270,2,    0.463361,  -0.0135906,     2.95323,   -0.555153,98984943920709
98961361742270,2,     0.44567,  -0.0238739,      2.9398,   -0.576816,98985690139254
98961361742270,2,    0.429712,  -0.0293294,      2.9578,   -0.611071,98986397643623
98961361742270,2,    0.416207,  -0.0352484,     2.93486,   -0.607147,98987162389382
98961361742270,2,     0.40478,  -0.0410848,     2.92897,   -0.619177,98987910662625
98961361742270,2,    0.396244,  -0.0420528,     2.94133,   -0.640699,98988694283232
98961361742270,2,    0.387871,  -0.0456346,     2.93829,   -0.640702,98989475400614
98961361742270,2,      0.3761,  -0.0457215,     2.94244,   -0.642569,98990162048807
98961361742270,2,    0.376591,  -0.0413651,     2.93787,   -0.642637,98990941397850
98961361742270,2,    0.373609,  -0.0429117,     2.94967,   -0.640249,98991643108030
98961361742270,2,    0.363032,  -0.0469075,     2.93412,   -0.636881,98992411479039
98961361742270,2,    0.360399,  -0.0427756,     2.94058,   -0.636937,98993196892660
98961361742270,2,    0.363205,  -0.0422964,     2.95006,   -0.633518,98993902630300
98961361742270,2,    0.364447,  -0.0448281,     2.93472,   -0.620101,98994645191315
98961361742270,2,    0.360318,  -0.0449937,     2.94542,   -0.622814,98995333399304
98961361742270,2,    0.366256,   -0.054879,     2.94588,   -0.609291,98996082269726
98961361742270,2,    0.365589,  -0.0599977,     2.95711,   -0.603772,98996824415371
98961361742270,2,    0.359862,   -0.054662,     2.94022,   -0.580035,98997496266260
98961361742270,2,    0.360086,   -0.056788,     2.94928,   -0.564529,98998147539133
98961361742270,2,    0.364526,  -0.0551273,      2.9498,   -0.546485,98998972739226
98961361742270,2,    0.359508,  -0.0620271,     2.94278,   -0.540891,98999722151270
98961361742270,2,    0.372427,  -0.0566619,     2.96082,      -0.511,99000372585861
98961361742270,2,    0.369512,  -0.0644157,     2.96154,   -0.493297,99001219106118
98961361742270,2,    0.359708,  -0.0594601,     2.98144,   -0.466617,99001970863962
98961361742270,2,    0.366398,   -0.060732,     2.96968,   -0.432663,99002716766325
98961361742270,2,    0.365475,   -0.053148,     2.98101,   -0.404796,99003446804662
98961361742270,2,    0.362796,  -0.0566812,     2.98597,   -0.389424,99004258636622
98961361742270,2,    0.362528,  -0.0536314,     2.99083,   -0.358666,99005012644668
98961361742270,2,    0.373367,  -0.0563452,     2.99056,   -0.317162,99005744901044
98961361742270,2,    0.373848,  -0.0646598,     2.99998,   -0.302432,99006515460156
98961361742270,2,    0.378384,    -0.04852,     3.01354,   -0.240328,99007285397921
98961361742270,2,    0.378031,  -0.0505573,     3.00373,   -0.212132,99007977025492
98961361742270,2,     0.37385,   -0.043532,     3.00187,   -0.164611,99008632277390
98961361742270,2,    0.384302,  -0.0427911,     3.00702,   -0.124687,99009398412311
98961361742270,2,    0.376329,  -0.0451447,     2.99904,   -0.111408,99010213430067
98961361742270,2,    0.388394,  -0.0509155,     3.01107,  -0.0540084,99010928700693
98961361742270,2,    0.385024,  -0.0462429,     3.02265,   0.0185296,99011661043225
98961361742270,2,    0.415842,    -0.04482,     2.99555,   0.0566135,99012487359763
98961361742270,2,    0.426832,  -0.0476323,     3.00697,   0.0987141,99013256897559
98961361742270,2,    0.413613,  -0.0460425,     2.99453,    0.148215,99014065843053
98961361742270,2,    0.440489,  -0.0368494,     2.99227,    0.246458,99014814891322
98961361742270,2,    0.464322,  -0.0359739,     2.99966,       0.294,99015545450533
98961361742270,2,    0.500666,  -0.0315613,     2.98755,     0.35087,99016255187382
98961361742270,2,    0.538851,   -0.028241,     2.99305,    0.433808,99016965998641
98961361742270,2,     0.58295,  -0.0269959,     2.97371,    0.508973,99017654977391
98961361742270,2,    0.616095,  -0.0278139,     2.94794,    0.564907,99018363228827
98961361742270,2,    0.655749,  -0.0303872,     2.93193,     0.64546,99018935286967
98961361742270,2,    0.686857,   -0.021476,     2.88667,    0.815457,99019746725304
98961361742270,2,    0.675649,  -0.0105929,     2.90015,    0.845096,99020434036205
98961361742270,2,    0.644069, -0.00579964,     2.83123,     1.00269,99021186077940
98961361742270,2,    0.621006,  0.00963457,     2.80546,     1.07432,99021921013945
98961361742270,2,    0.592538,   0.0180676,     2.76668,      1.1423,99022653984008
98961361742270,2,    0.565189,   0.0257675,     2.74697,     1.23572,99023427365992
98961361742270,2,    0.538201,   0.0377086,     2.72771,     1.30152,99024173832681
98961361742270,2,    0.505618,   0.0515382,     2.68547,     1.36463,99024898577393
98961361742270,2,    0.471691,   0.0600509,     2.65421,     1.39871,99025624082907
98961361742270,2,    0.445882,   0.0829679,     2.63367,     1.41467,99026328863748
98961361742270,2,    0.411465,   0.0690763,     2.64339,     1.44525,99027069340885
98961361742270,2,    0.380912,   0.0657264,     2.61119,     1.43204,99027679563373
98961361742270,2,    0.359186,   0.0816034,     2.61763,     1.44259,99028691465858
98961361742270,2,    0.351902,   0.0904266,     2.60259,     1.45121,99029566241143
98961361742270,2,    0.355681,    0.111145,     2.60099,     1.46124,99030443670105
98961361742270,2,    0.351691,    0.107376,     2.63362,     1.47242,99031204967273
98961361742270,2,    0.349682,    0.104708,     2.62505,     1.45443,99032007062639
98961361742270,2,    0.351156,    0.104041,     2.61443,     1.42374,99032708407167
98961361742270,2,    0.345317,    0.102851,     2.56667,     1.36103,99033451525955
98961361742270,2,    0.350333,    0.112562,     2.53345,     1.30694,99034212859432
98961361742270,2,    0.353161,    0.119503,     2.50174,     1.25929,99034896360530
98961361742270,2,    0.353197,    0.127374,     2.46704,     1.20851,99035621799629
98961361742270,2,    0.355243,    0.142829,      2.4392,     1.15467,99036383378977
98961361742270,2,    0.352692,    0.136771,     2.40765,     1.10728,99037177409568
98961361742270,2,    0.354539,    0.145657,     2.37749,      1.0555,99037920475791
98961361742270,2,    0.354147,    0.161052,     2.34567,    0.990266,99038601379063
98961361742270,2,    0.350539,    0.140943,     2.31455,    0.941644,99039263799327
98961361742270,2,    0.357232,    0.145211,     2.29307,    0.897299,99040003169726
98961361742270,2,    0.351157,    0.125262,     2.23293,    0.815287,99040781953475
98961361742270,2,    0.354593,    0.138472,     2.19737,    0.762402,99041506603669
98961361742270,2,    0.354548,    0.142499,     2.16456,    0.719453,99042191558962
98961361742270,2,    0.353984,    0.142769,     2.12539,    0.664805,99042954863716
98961361742270,2,    0.348878,    0.140039,     2.07633,    0.609844,99043654470035
98961361742270,2,    0.354175,    0.134416,     2.03726,    0.564691,99044359507838
98961361742270,2,    0.350359,    0.135997,     1.99033,    0.519292,99045026363633
98961361742270,2,    0.348436,    0.120386,     1.93802,    0.465272,99045706309786
98961361742270,2,    0.354206,    0.125056,      1.8996,    0.435997,99046388528565
98961361742270,2,    0.351926,    0.122641,     1.87518,    0.412272,99047073055054
98961361742270,2,    0.354353,    0.109938,      1.7992,    0.355122,99047792043150
98961361742270,2,    0.352795,    0.111181,     1.74339,    0.316534,99048535736831
98961361742270,2,    0.353687,    0.107444,     1.69899,    0.290456,99049219625625
98961361742270,2,    0.357466,    0.098139,     1.63516,    0.251022,99049903277491
98961361742270,2,    0.361441,   0.0926734,     1.58419,    0.225793,99050722882615
98961361742270,2,    0.354049,   0.0922115,     1.51894,    0.197364,99051463043391
98961361742270,2,    0.365205,   0.0913847,     1.49426,     0.18631,99052144766119
98961361742270,2,    0.357272,   0.0899395,     1.43753,    0.162487,99052910598151
98961361742270,2,    0.379956,   0.0804447,     1.35282,    0.134069,99053613609498
98961361742270,2,    0.423361,   0.0795466,     1.26229,     0.10355,99054410420473
98961361742270,2,    0.468117,   0.0827593,     1.24414,   0.0999659,99055155755408
98961361742270,2,    0.495507,   0.0793085,     1.16596,   0.0781114,99055875443880
98961361742270,2,    0.486121,    0.052942,     1.10897,   0.0637397,99056515951808
98961361742270,2,    0.460316,   0.0463672,     1.01879,   0.0527118,99057221441199
98961361742270,2,    0.435365,   0.0462267,    0.936394,   0.0415878,99058042966804
98961361742270,2,    0.408434,   0.0352246,    0.850804,   0.0334341,99058762646231
98961361742270,2,     0.38255,   0.0145552,    0.794745,    0.029765,99059508360537
98961361742270,2,    0.368016,   0.0081159,    0.729425,   0.0276599,99060265773196
98961361742270,2,    0.348409, -0.00582718,    0.660515,   0.0238857,99061007358061
98961361742270,2,    0.319863,  -0.0128817,    0.584443,   0.0233343,99061844695065
98961361742270,2,    0.299037,   -0.013275,    0.536305,   0.0236448,99062551393708
98961361742270,2,    0.283556,  0.00561969,     0.50788,   0.0237442,99063271658629
98961361742270,2,    0.260486,-0.000141808,    0.437932,   0.0234413,99064066985195
98961361742270,2,    0.240915,-0.000987985,    0.390652,   0.0263471,99064828546224
98961361742270,2,    0.224723, -0.00326146,    0.362807,   0.0266609,99065510017280
98961361742270,2,    0.203169, -0.00555462,    0.304064,   0.0279635,99066234375102
98961361742270,2,    0.187966, -0.00921302,     0.27119,   0.0274721,99066961234234
98961361742270,2,    0.169895, -0.00966479,    0.243687,   0.0278258,99067685803592
98961361742270,2,    0.153569, -0.00960105,    0.210761,   0.0272743,99068452904050
98961361742270,2,    0.135234,  -0.0101772,    0.167525,   0.0268516,99069179618127
98961361742270,2,    0.123153, -0.00137696,    0.146511,    0.026723,99069809512249
98961361742270,2,    0.107519,   0.0190461,    0.120501,   0.0261467,99070501136766
98961361742270,2,   0.0954831,   0.0448137,    0.102037,   0.0263382,99071228413291
98961361742270,2,   0.0852663,   0.0720271,   0.0942103,   0.0254286,99071896730698
98961361742270,2,   0.0760478,   0.0928511,   0.0742204,   0.0239831,99072566662041
98961361742270,2,   0.0711795,   0.0933983,   0.0679859,   0.0255193,99073295057756
98961361742270,2,   0.0647624,   0.0861116,   0.0600059,   0.0249278,99074001024220
98961361742270,2,   0.0589971,   0.0696048,   0.0536102,   0.0243871,99074684371739
98961361742270,2,   0.0466802,   0.0681799,   0.0372749,   0.0253024,99075506190404
98961361742270,2,   0.0432984,   0.0894976,   0.0351665,   0.0242641,99076184371090
98961361742270,2,   0.0373511,   0.0922872,    0.028488,   0.0239032,99076963794024
98961361742270,2,   0.0315082,   0.0853277,   0.0234646,   0.0251132,99077589414720
98961361742270,2,   0.0235513,   0.0671726,   0.0173509,   0.0255081,99078272373397
98961361742270,2,  0.00979448,   0.0308185,  0.00914162,    0.024246,99078996143076
98961361742270,2,           0, -0.00694326,  0.00524882,   0.0259578,99079789159435
98961361742270,2,           0,  -0.0659457,  0.00347879,   0.0234879,99080412051895
98961361742270,2,           0,  -0.0942747,-0.000445113,   0.0207926,99081131414031
98961361742270,2,           0,  -0.0819657, -0.00155485,   0.0196169,99081875408981
98961361742270,2,           0,  -0.0612721, -0.00419689,   0.0224382,99082554330486
98961361742270,2,           0,  -0.0470925, -0.00245693,   0.0226616,99083235506868
98961361742270,2,           0,  -0.0207295, -0.00228174,   0.0228235,99083903609434
99084600814979,2,           0,           0,     2.19081,     2.08658,99084680607457
99084600814979,2,           0,           0,     2.19081,     2.08657,99085403960270
99084600814979,2,           0,           0,     2.19081,     2.08657,99086087441248
99084600814979,2,           0,   0.0134649,     2.19081,     2.08657,99086654809559
99084600814979,2,           0,    0.168623,     2.19499,     2.08342,99087443785229
99084600814979,2,           0,    0.267819,     2.23585,     2.03822,99088155759904
99084600814979,2,           0,    0.326752,      2.2857,     1.98184,99088939999492
99084600814979,2,           0,    0.298425,     2.37509,     1.87106,99089639880041
99084600814979,2,           0,    0.260181,     2.45523,     1.76674,99090517983320
99084600814979,2,           0,     0.24561,     2.49754,     1.70715,99091217342545
99084600814979,2,           0,    0.195871,     2.59046,     1.56265,99092077498600
99084600814979,2,           0,    0.016934,     2.65474,     1.44519,99093416811510
99084600814979,2,           0,   0.0888478,     2.70122,     1.35186,99094146906490
99084600814979,2,           0,   0.0833382,     2.71361,      1.3185,99094784493852
99084600814979,2,           0,   0.0616305,     2.72292,     1.28622,99095511235454
99084600814979,2,           0,   0.0435135,     2.73431,     1.25461,99096302060231
99084600814979,2,           0,   0.0278143,     2.74063,     1.23458,99097085096105
99084600814979,2,           0,   0.0111949,     2.74548,     1.21915,99097796790108
99084600814979,2,   0.0609222,   0.0219264,      2.7463,     1.20545,99098523293221
99084600814979,2,    0.161704,   0.0626368,     2.74927,     1.20069,99099294639986
99084600814979,2,    0.241433,   0.0798973,     2.75661,     1.21389,99100091343178
99084600814979,2,    0.303966,   0.0773317,     2.75769,     1.20128,99100840067004
99084600814979,2,    0.349307,   0.0613554,     2.75248,     1.22019,99101512637562
99084600814979,2,    0.388103,   0.0501296,     2.75789,     1.23445,99102342638109
99084600814979,2,    0.399911,    0.033649,     2.74823,     1.30039,99103092085853
99084600814979,2,    0.394642,   0.0282431,     2.71811,     1.28351,99103921295179
99084600814979,2,    0.379934,   0.0259953,     2.69655,     1.37686,99104636724743
99084600814979,2,    0.372251,   0.0226406,     2.66237,     1.40075,99105386080642
99084600814979,2,    0.367105,   0.0293932,     2.65204,     1.43404,99106160926943
99084600814979,2,     0.36056,   0.0322052,     2.62991,     1.50349,99106935348498
99084600814979,2,    0.354222,   0.0370618,      2.6062,      1.5275,99107706563754
99084600814979,2,    0.360375,   0.0553056,     2.59061,     1.54426,99108415506779
99084600814979,2,    0.348679,   0.0433552,     2.56485,     1.56437,99109167197416
99084600814979,2,    0.349203,   0.0470433,      2.5566,     1.59924,99109797262781
99084600814979,2,    0.348942,    0.050868,     2.52405,     1.61721,99110628276440
99084600814979,2,    0.345581,   0.0633572,     2.52188,     1.64926,99111333086175
99084600814979,2,    0.354676,   0.0742593,     2.51195,     1.64796,99112082285990
99084600814979,2,    0.355321,    0.081627,     2.49039,     1.63906,99112829188859
99084600814979,2,    0.359454,    0.091986,     2.49399,      1.6576,99113527363583
99084600814979,2,    0.355412,   0.0912763,     2.48456,     1.65095,99114195163543
99084600814979,2,      0.3623,    0.116195,     2.49205,     1.66128,99114922623040
99084600814979,2,    0.356675,    0.102064,     2.48351,     1.63663,99115674114961
99084600814979,2,    0.357342,    0.115387,      2.5089,     1.64682,99116362314932
99084600814979,2,    0.356163,    0.125024,     2.51173,     1.62747,99117086563185
99084600814979,2,    0.367789,      0.1469,     2.51289,     1.60697,99117852376969
99084600814979,2,    0.363775,    0.145059,       2.509,     1.56062,99118557543311
99084600814979,2,    0.358564,    0.153366,     2.53526,     1.54859,99119305208601
99084600814979,2,    0.368548,    0.177691,     2.55403,     1.51038,99120016037236
99084600814979,2,    0.357601,    0.170228,     2.58001,     1.46442,99120684760470
99084600814979,2,    0.339165,    0.158518,     2.59704,     1.43238,99121468752001
99084600814979,2,    0.333854,    0.160594,     2.63145,     1.39291,99122189390642
99084600814979,2,    0.324083,    0.142706,     2.63554,     1.32277,99122852505882
99084600814979,2,     0.31544,    0.155705,     2.67635,     1.28679,99123596599492
99084600814979,2,    0.304988,    0.164507,     2.69749,     1.23555,99124259717304
99084600814979,2,    0.287517,    0.152037,     2.71935,     1.18373,99124968812806
99084600814979,2,    0.248797,    0.139093,     2.74509,     1.13487,99125714911743
99084600814979,2,    0.224054,     0.11977,     2.78258,     1.05851,99126508290051
99084600814979,2,    0.208087,       0.109,      2.7787,     1.04128,99127173355151
99084600814979,2,    0.208087,    0.107877,     2.79335,      1.0088,99127960285428
99084600814979,2,    0.208087,     0.10161,     2.83195,     0.94091,99128706948197
99084600814979,2,    0.248903,    0.119921,      2.8376,    0.885987,99129477684040
99084600814979,2,    0.296653,    0.141326,     2.84611,    0.842612,99130261282227
99084600814979,2,    0.331168,    0.151477,      2.8886,    0.797563,99131002922859
99084600814979,2,    0.350821,    0.141142,     2.90274,    0.740513,99131705489706
99084600814979,2,    0.353699,    0.125279,     2.92784,    0.672089,99132351929199
99084600814979,2,    0.353287,    0.113247,     2.91936,    0.624599,99133053803533
99084600814979,2,    0.349239,    0.097841,     2.95128,    0.579237,99133717734202
99084600814979,2,    0.352084,   0.0877636,     2.95914,    0.520756,99134485529731
99084600814979,2,    0.355272,    0.095535,     2.96017,    0.476903,99135234785813
99084600814979,2,    0.357729,    0.101021,     2.96864,     0.43702,99135842075497
99084600814979,2,    0.362375,    0.100163,     2.97562,    0.383777,99136627284979
99084600814979,2,    0.357478,    0.102386,     2.98481,    0.339994,99137311942724
99084600814979,2,    0.359648,    0.088141,     3.01742,    0.275824,99138002557293
99084600814979,2,    0.374759,   0.0799912,      3.0194,    0.222197,99138748701269
99084600814979,2,    0.378623,   0.0758822,     3.02696,    0.173836,99139458181591
99084600814979,2,    0.377617,    0.067341,     3.02403,    0.124292,99140199900972
99084600814979,2,    0.393265,   0.0684659,     3.03549,   0.0824637,99140950845307
99084600814979,2,    0.403375,   0.0737363,       3.034,   0.0372624,99141680685026
99084600814979,2,     0.42738,    0.061779,     3.03809,  -0.0276926,99142389755413
99084600814979,2,    0.467549,   0.0617496,      3.0179,  -0.0623701,99143057521296
99084600814979,2,    0.500355,   0.0619085,     2.99746,  -0.0771317,99143650535812
99084600814979,2,    0.580448,   0.0432011,     3.01791,   -0.150356,99144422562843
99084600814979,2,    0.666365,   0.0397444,     3.02061,   -0.174707,99145216102119
99084600814979,2,    0.731315,   0.0355622,      2.9594,   -0.202331,99145924749816
99084600814979,2,    0.781194,   0.0336252,     2.86473,   -0.211412,99146616984816
99084600814979,2,    0.774199,   0.0168053,     2.72832,   -0.236079,99147330952818
99084600814979,2,    0.750159,  0.00127462,     2.65094,   -0.247469,99148081517218
99084600814979,2,    0.697467,  -0.0110874,     2.47873,   -0.249537,99148713530803
99084600814979,2,    0.658339,  -0.0238278,     2.35072,   -0.243265,99149420218963
99084600814979,2,    0.627078,   -0.038032,      2.2715,   -0.237618,99150267214977
99084600814979,2,    0.588032,  -0.0479106,     2.11908,   -0.223204,99150978445450
99084600814979,2,    0.545825,  -0.0521329,     1.98698,    -0.20049,99151688024243
99084600814979,2,    0.535412,  -0.0560996,      1.9602,   -0.192585,99152360086799
99084600814979,2,    0.553915,  -0.0595499,     1.80349,   -0.165054,99153174706199
99084600814979,2,    0.570324,  -0.0671728,     1.74479,   -0.153327,99153865577054
99084600814979,2,    0.590696,  -0.0668008,     1.65215,   -0.131725,99154813096119
99084600814979,2,    0.611948,  -0.0586629,     1.56161,   -0.108143,99155740460360
99084600814979,2,    0.599098,  -0.0535438,     1.50174,  -0.0921932,99156389230533
99084600814979,2,    0.566682,   -0.050705,     1.39215,  -0.0785934,99157158007651
99084600814979,2,    0.544533,  -0.0473615,     1.32823,  -0.0686371,99157883435111
99084600814979,2,     0.51631,  -0.0482417,     1.23324,  -0.0590586,99158597940988
99084600814979,2,     0.48439,  -0.0608476,     1.09617,  -0.0439299,99159307913162
99084600814979,2,    0.463053,   -0.052008,      1.0251,   -0.037442,99160074337057
99084600814979,2,    0.442495,  -0.0423132,     0.95146,  -0.0258818,99160762984143
99084600814979,2,    0.415867,  -0.0323103,    0.872694,  -0.0218157,99161469822715
99084600814979,2,    0.398257,  -0.0165896,    0.827897,  -0.0162263,99162178850396
99084600814979,2,    0.368368, -0.00461491,    0.760664,  -0.0124007,99162867542012
99084600814979,2,    0.347519,  0.00225842,     0.67176,  -0.0105663,99163615245940
99084600814979,2,     0.32109,  0.00368197,    0.596209,  -0.0108738,99164364875397
99084600814979,2,    0.306168,  0.00415957,    0.555276,  -0.0114419,99165056742746
99084600814979,2,    0.283927,  0.00223878,    0.497239,  -0.0117041,99165702189594
99084600814979,2,    0.267967, -0.00373807,    0.470453,  -0.0123411,99166507606298
99084600814979,2,    0.246773,  -0.0029575,    0.403922,  -0.0131591,99167257300691
99084600814979,2,    0.228599, 0.000236814,    0.361323,  -0.0119378,99167881465603
99084600814979,2,    0.214209,  0.00298576,    0.328207,  -0.0130115,99168627935996
99084600814979,2,    0.198812,  0.00434986,    0.294361,  -0.0113542,99169366213002
99084600814979,2,    0.179197,  0.00609791,    0.252397,  -0.0105437,99170048630151
99084600814979,2,    0.163031,  0.00550145,    0.222317,  -0.0123838,99170714736079
99084600814979,2,    0.146809,  0.00516527,    0.188132,  -0.0141051,99171459981497
99084600814979,2,    0.133768,  0.00218436,    0.164852,  -0.0138127,99172226485338
99084600814979,2,     0.12022, -0.00229638,    0.141346,  -0.0149568,99172832735413
99084600814979,2,    0.106607, -0.00689469,    0.119708,  -0.0125481,99173538811490
99084600814979,2,   0.0940958,  -0.0177878,    0.104835,  -0.0137847,99174286297515
99084600814979,2,   0.0807543,  -0.0287218,   0.0887715,  -0.0149097,99174996711142
99084600814979,2,   0.0710718,  -0.0351806,   0.0694906,  -0.0132452,99175751832331
99084600814979,2,   0.0659566,   -0.033299,    0.060196,  -0.0111429,99176400945681
99084600814979,2,   0.0593038,  -0.0271883,   0.0525256,  -0.0120649,99177042985896
99084600814979,2,   0.0484181,  -0.0210492,   0.0392518,  -0.0117193,99177769688981
99084600814979,2,   0.0399831,  -0.0358533,   0.0305275,  -0.0104151,99178552271716
99084600814979,2,   0.0337482,  -0.0345829,   0.0268902,  -0.0121183,99179195816062
99084600814979,2,   0.0286279,  -0.0299585,   0.0204066,  -0.0106871,99179996115413
99084600814979,2,   0.0230737,  -0.0247674,   0.0167114,  -0.0106429,99180757633892
99084600814979,2,    0.019148,  -0.0207745,   0.0135646,  -0.0094288,99181380245382
99084600814979,2,   0.0152547,  -0.0167807,   0.0122373, -0.00878242,99182083403928
99084600814979,2,   0.0108483,  -0.0120327,  0.00896397, -0.00861817,99182823992043
99084600814979,2,  0.00493421, -0.00554034,  0.00637264,  -0.0118515,99183565790845
99084600814979,2,           0,   0.0271743,  0.00510217,  -0.0101019,99184209066328
99084600814979,2,           0,   0.0525221,  0.00634582, -0.00893627,99184923731370
99084600814979,2,           0,   0.0492074,  0.00700213, -0.00673997,99185592694057
99084600814979,2,           0,   0.0339874,  0.00694963, -0.00489098,99186253682564
99084600814979,2,           0,   0.0166158,  0.00396668, -0.00689854,99187029716069
99187534118236,2,           0,           0,     2.57265,     1.55236,99187748880949
99187534118236,2,           0,           0,     2.57265,     1.55236,99188452084599
99187534118236,2,           0,           0,     2.57265,     1.55236,99189156081263
